928080
928589
928510
928434
928351
928110
928199
928043
928030
928561
928385
928464
928086
928047
928209
928552
928622
928174
928321
928175
928266
928578
928445
928453
928559
928698
928402
928489
928546
928036
928519
928501
928556
928042
928085
928165
928697
928239
928699
928141
928421
928569
928408
928585
928041
928310
928254
928484
928348
928087
928455
928495
928327
928325
928492
928413
928507
928305
928491
928523
928364
928326
928079
928522
928370
928197
928267
928411
928417
928094
928498
928582
928386
928496
928616
928430
928355
928307
928205
928550
928480
928509
928219
928576
928540
928272
928409
928448
928431
928485
928098
928572
928508
928477
928557
928456
928397
928314
928468
928270
928511
928609
928419
928580
928541
928318
928459
928587
928488
928564
928504
928534
928474
928549
928238
928560
772008
914117
911480
911710
911478
911327
894334
878843
911546
921402
878835
921401
779029
875977
847292
847288
847286
878848
878841
772230
911454
911594
878963
911567
895568
895585
911499
911438
878862
878849
895435
875986
847229
847255
847233
903827
903829
847299
911405
762861
762853
762852
762850
903808
875982
903855
903854
903842
777203
762849
888027
911085
772045
768208
773542
921400
903841
895571
773546
773529
772010
772195
903835
911572
40504
772013
772180
772318
876019
772297
40402
911530
911253
911309
769806
777218
921382
773543
768468
875987
762858
895445
768267
895320
878931
768243
768225
768200
768178
40445
768156
894433
876063
768196
895384
894412
888063
895287
895472
895448
914112
895460
895322
878922
894141
894351
895411
894310
780258
894131
780252
835491
894144
894333
878920
869867
911653
878846
779034
894441
896654
878886
911562
911213
895370
41006
896648
911384
911215
895453
911394
772270
880193
895350
895330
895578
888031
894259
878907
40510
896635
40993
911528
911483
911437
911514
768439
895546
911516
869887
880194
911721
878966
777215
895334
895511
772027
911701
847231
878879
768190
911529
878962
911391
911350
894467
878930
895421
777235
895415
878852
911132
869875
768472
895376
895364
894449
895482
876027
911488
878954
878913
911601
895613
895477
878897
914084
880178
878925
878884
895401
762855
878929
773549
895462
895391
895580
911404
896650
779024
895531
876040
777205
894407
895407
878899
895426
911458
911398
911465
878928
911576
768239
911644
914114
895532
888057
895556
869873
773544
772077
771980
772238
895353
769783
772056
895581
911568
911440
869876
911749
895505
878877
895425
895373
771981
895510
895295
895335
878974
895544
911592
876042
911591
911138
914116
772229
911641
772208
895611
876038
911718
895337
895271
911759
911679
911509
871851
772016
895313
894392
878924
878923
895539
895410
772064
878977
895375
895468
878933
911093
896652
895541
895534
895319
911363
911571
895559
878911
878971
768177
772269
911409
894466
911345
894339
894322
911251
911685
39924
878969
895447
895476
768176
895344
895413
772145
911554
772192
894391
895486
895327
895444
895459
768324
768209
911377
894386
895339
895463
895395
911599
911467
911378
768366
895579
911307
911423
894408
772118
772181
911412
40502
911678
895609
895392
878968
768230
894461
911823
911348
895533
895329
911744
911651
895454
871482
911815
895383
772236
911395
768522
911680
768232
928038
928545
928222
928048
928035
847235
910999
771977
910985
911235
896646
911078
888039
911088
911234
847193
769801
903800
894086
914085
894095
847210
36325
894116
772044
779044
762846
894166
894283
772043
878830
772238
773534
780251
777223
772297
45251
878834
36323
869878
41959
770847
880157
853092
41957
37512
927994
927964
927991
928008
928034
928006
894414
847330
911750
847317
895643
876015
895625
895573
876033
911659
847313
878858
911723
911560
911772
911656
911527
894330
911383
847281
847310
911577
876100
911518
876176
895285
895645
847324
772428
914119
911615
914115
894327
894318
895664
911668
847323
895409
895286
911746
878980
878926
911732
847328
847302
895615
895583
895652
847325
914120
911791
772501
911248
895485
911725
895662
895646
894265
895484
911570
779040
879008
772504
772455
879018
895552
895429
911544
847315
895591
895503
894314
895593
895467
895342
911845
911830
911809
876009
894458
896656
847300
847326
911586
894457
878842
847319
879006
895428
911658
847316
895414
771954
894437
911531
911706
911752
896651
911747
894165
911703
847309
911563
911411
895551
895536
895586
878978
894329
911728
911541
911146
878906
911489
894156
847232
847308
772534
895417
895282
895617
911335
895565
895555
895473
876133
847331
895540
895608
911768
847297
879009
895427
911445
894335
911537
876121
895504
847320
894114
876021
895553
894463
895632
772564
895665
878995
896655
895432
878973
878981
911765
911407
896658
772434
911720
895588
895605
772354
876152
914113
911842
895430
911715
911677
911525
894306
876166
895475
772224
895607
772429
772459
879003
876060
895457
911805
876144
911508
772571
895619
895631
876155
876106
895292
895451
895629
876028
895478
895594
895614
878982
911700
911813
895666
835760
768747
911617
895569
895572
911769
911612
878990
878992
914079
876177
896657
911099
895402
876111
876030
895535
895547
876143
876110
772390
911645
772353
895512
772422
879004
772553
911691
911832
876118
847329
895623
911775
895412
772409
895446
878983
895311
879010
911735
895542
895641
895567
768547
911793
895488
895618
911689
772215
911812
895450
879001
835891
895627
911802
847322
876109
895587
911741
772546
772483
772480
911824
772439
911796
878999
911648
895642
772346
772433
879021
772549
772526
911737
876178
895622
878965
878993
895455
911828
911682
895630
911800
835757
895560
878987
911589
895663
879014
878880
772531
895509
895549
895602
895620
876127
895479
911778
772522
895489
911837
879017
911609
911784
772542
895575
772545
911827
911829
772537
911694
911764
911669
911831
878988
895636
772484
911774
878991
911826
895651
876181
876192
895561
911808
772418
911463
772313
911379
772535
768682
895637
895508
911773
772453
911810
911848
911742
911799
911825
772443
911519
911583
772495
876208
772406
911709
895557
835849
772051
895495
911551
895659
772304
895379
895577
895603
911738
895545
876117
876046
911794
768698
876122
911833
911795
911820
895487
895404
772517
772364
911673
911835
911834
911839
876141
772559
772529
772565
895589
772527
895628
895590
911695
772543
772496
772369
772518
879005
772451
911657
911843
911806
895606
772524
772499
895633
911526
911643
911777
895635
895558
911780
911616
772427
772525
911650
911761
772452
772486
768542
895433
772340
772407
772399
895638
911771
878989
772205
772420
772539
772505
911614
772435
772349
768591
772411
879012
911740
772512
895644
911787
911792
911696
879007
772523
772402
772556
911844
772552
879013
772532
911841
768412
772352
772574
876140
772541
911652
768453
772568
772567
772450
772493
911801
772536
768642
772490
772563
911547
911819
772368
772397
772445
772550
768720
768719
768703
772511
911314
768707
768746
768600
768739
772519
768644
772430
772251
772521
772560
772488
772528
768708
772503
768590
768697
768507
772516
768741
760936
772507
768664
768714
772551
772530
772533
768750
768748
768743
772423
772061
772538
768655
768663
772509
772494
768449
772514
768580
772540
928271
928626
928268
928584
928112
928037
928368
928221
928472
928388
928211
928608
928387
928297
928181
928594
928606
928483
928303
928029
928211
928608
928387
928297
928181
928594
928606
928483
928303
928461
928176
928651
928493
928255
928309
928628
928218
928391
928629
928695
928695
928304
928506
928372
928521
928586
928457
928516
928437
928404
928420
928458
928634
928649
928520
928581
928597
928653
928398
928624
928350
928525
928518
928652
928601
928466
928571
928660
928613
928543
928661
928656
928536
928620
928637
928539
928132
928612
928565
928514
928514
928614
928642
928469
928260
928563
928630
928337
928273
928598
928600
928530
928405
928573
928645
928375
928588
928610
928643
928658
928658
928625
928647
928638
928701
928220
928655
928648
928623
928644
928462
928632
928700
928595
928579
928667
928640
928657
928553
928568
928618
928605
928591
928593
928666
928631
928617
928607
928438
928542
928641
928554
928422
928635
928654
928650
928615
928590
928555
928562
928547
928479
928604
https://buff.163.com/goods/900514
https://buff.163.com/goods/763250
https://buff.163.com/goods/33975
https://buff.163.com/goods/33970
https://buff.163.com/goods/33905
https://buff.163.com/goods/857556
https://buff.163.com/goods/900529
https://buff.163.com/goods/38163
https://buff.163.com/goods/900482
https://buff.163.com/goods/38177
https://buff.163.com/goods/33960
https://buff.163.com/goods/33942
https://buff.163.com/goods/900588
https://buff.163.com/goods/779196
https://buff.163.com/goods/33884
https://buff.163.com/goods/33940
https://buff.163.com/goods/33889
https://buff.163.com/goods/900638
https://buff.163.com/goods/769177
https://buff.163.com/goods/871704
https://buff.163.com/goods/33889
https://buff.163.com/goods/33873
https://buff.163.com/goods/900514
https://buff.163.com/goods/857550
https://buff.163.com/goods/887021
https://buff.163.com/goods/38179
https://buff.163.com/goods/927339
https://buff.163.com/goods/33890
https://buff.163.com/goods/871478
https://buff.163.com/goods/769177
https://buff.163.com/goods/769124
https://buff.163.com/goods/33957
https://buff.163.com/goods/33936
https://buff.163.com/goods/33887
https://buff.163.com/goods/33906
https://buff.163.com/goods/775142
https://buff.163.com/goods/775964
https://buff.163.com/goods/886981
https://buff.163.com/goods/781666
https://buff.163.com/goods/33906
https://buff.163.com/goods/775142
https://buff.163.com/goods/775964
https://buff.163.com/goods/886981
https://buff.163.com/goods/781666
https://buff.163.com/goods/33974
https://buff.163.com/goods/927322
https://buff.163.com/goods/762109
https://buff.163.com/goods/38174
https://buff.163.com/goods/775915
https://buff.163.com/goods/857627
https://buff.163.com/goods/33869
https://buff.163.com/goods/857534
https://buff.163.com/goods/929088
https://buff.163.com/goods/38178
https://buff.163.com/goods/781656
https://buff.163.com/goods/927328
https://buff.163.com/goods/921561
https://buff.163.com/goods/33868
https://buff.163.com/goods/33978
https://buff.163.com/goods/781656
https://buff.163.com/goods/927328
https://buff.163.com/goods/921561
https://buff.163.com/goods/33868
https://buff.163.com/goods/33978
https://buff.163.com/goods/763250
https://buff.163.com/goods/33970
https://buff.163.com/goods/33975
https://buff.163.com/goods/33905
https://buff.163.com/goods/38163
https://buff.163.com/goods/38177
https://buff.163.com/goods/33942
https://buff.163.com/goods/900588
https://buff.163.com/goods/33884
https://buff.163.com/goods/900638
https://buff.163.com/goods/33940
https://buff.163.com/goods/759341
https://buff.163.com/goods/886753
https://buff.163.com/goods/33911
https://buff.163.com/goods/759234
https://buff.163.com/goods/759341
https://buff.163.com/goods/886753
https://buff.163.com/goods/33911
https://buff.163.com/goods/759234
https://buff.163.com/goods/876967
https://buff.163.com/goods/38202
https://buff.163.com/goods/33877
https://buff.163.com/goods/775146
https://buff.163.com/goods/38162
https://buff.163.com/goods/33932
https://buff.163.com/goods/876981
https://buff.163.com/goods/33878
https://buff.163.com/goods/759363
https://buff.163.com/goods/887029
https://buff.163.com/goods/33886
https://buff.163.com/goods/769210
https://buff.163.com/goods/33853
https://buff.163.com/goods/876936
https://buff.163.com/goods/33876
https://buff.163.com/goods/33896
https://buff.163.com/goods/33853
https://buff.163.com/goods/876936
https://buff.163.com/goods/33876
https://buff.163.com/goods/33896
https://buff.163.com/goods/857681
https://buff.163.com/goods/37515
https://buff.163.com/goods/33964
https://buff.163.com/goods/871099
https://buff.163.com/goods/775541
https://buff.163.com/goods/33966
https://buff.163.com/goods/33976
https://buff.163.com/goods/33888
https://buff.163.com/goods/779257
https://buff.163.com/goods/871340
https://buff.163.com/goods/33939
https://buff.163.com/goods/33844
https://buff.163.com/goods/33977
https://buff.163.com/goods/769139
https://buff.163.com/goods/857698
https://buff.163.com/goods/763353
https://buff.163.com/goods/769139
https://buff.163.com/goods/857698
https://buff.163.com/goods/763353
https://buff.163.com/goods/33860
https://buff.163.com/goods/779285
https://buff.163.com/goods/33907
https://buff.163.com/goods/33909
https://buff.163.com/goods/38221
https://buff.163.com/goods/33913
https://buff.163.com/goods/763469
https://buff.163.com/goods/33880
https://buff.163.com/goods/33938
https://buff.163.com/goods/38219
https://buff.163.com/goods/33858
https://buff.163.com/goods/38225
https://buff.163.com/goods/887057
https://buff.163.com/goods/921432
https://buff.163.com/goods/762232
https://buff.163.com/goods/871497
https://buff.163.com/goods/769244
https://buff.163.com/goods/921432
https://buff.163.com/goods/762232
https://buff.163.com/goods/871497
https://buff.163.com/goods/769244
https://buff.163.com/goods/776567
https://buff.163.com/goods/33891
https://buff.163.com/goods/33881
https://buff.163.com/goods/761378
https://buff.163.com/goods/759560
https://buff.163.com/goods/927391
https://buff.163.com/goods/779287
https://buff.163.com/goods/900561
https://buff.163.com/goods/781702
https://buff.163.com/goods/887070
https://buff.163.com/goods/33941
https://buff.163.com/goods/33915
https://buff.163.com/goods/33910
https://buff.163.com/goods/921456
https://buff.163.com/goods/38166
https://buff.163.com/goods/921576
https://buff.163.com/goods/763355
https://buff.163.com/goods/772921
https://buff.163.com/goods/887090
https://buff.163.com/goods/871879
https://buff.163.com/goods/33897
https://buff.163.com/goods/772915
https://buff.163.com/goods/769188
https://buff.163.com/goods/775098
https://buff.163.com/goods/38229
https://buff.163.com/goods/38172
https://buff.163.com/goods/33866
https://buff.163.com/goods/33862
https://buff.163.com/goods/759498
https://buff.163.com/goods/759430
https://buff.163.com/goods/33864
https://buff.163.com/goods/33959
https://buff.163.com/goods/769280
https://buff.163.com/goods/33971
https://buff.163.com/goods/33969
https://buff.163.com/goods/33935
https://buff.163.com/goods/33969
https://buff.163.com/goods/33935
https://buff.163.com/goods/33944
https://buff.163.com/goods/900652
https://buff.163.com/goods/38167
https://buff.163.com/goods/779429
https://buff.163.com/goods/887072
https://buff.163.com/goods/33968
https://buff.163.com/goods/836044
https://buff.163.com/goods/762108
https://buff.163.com/goods/33950
https://buff.163.com/goods/775898
https://buff.163.com/goods/38211
https://buff.163.com/goods/33956
https://buff.163.com/goods/33934
https://buff.163.com/goods/38193
https://buff.163.com/goods/33904
https://buff.163.com/goods/33865
https://buff.163.com/goods/33980
https://buff.163.com/goods/900650
https://buff.163.com/goods/921600
https://buff.163.com/goods/33893
https://buff.163.com/goods/33921
https://buff.163.com/goods/887058
https://buff.163.com/goods/763504
https://buff.163.com/goods/38188
https://buff.163.com/goods/769211
https://buff.163.com/goods/762172
https://buff.163.com/goods/33981
https://buff.163.com/goods/38223
https://buff.163.com/goods/38205
https://buff.163.com/goods/38206
https://buff.163.com/goods/871812
https://buff.163.com/goods/33937
https://buff.163.com/goods/38168
https://buff.163.com/goods/38210
https://buff.163.com/goods/33871
https://buff.163.com/goods/33949
https://buff.163.com/goods/38212
https://buff.163.com/goods/759233
https://buff.163.com/goods/857682
https://buff.163.com/goods/33859
https://buff.163.com/goods/775204
https://buff.163.com/goods/763476
https://buff.163.com/goods/781703
https://buff.163.com/goods/775853
https://buff.163.com/goods/871772
https://buff.163.com/goods/38201
https://buff.163.com/goods/779364
https://buff.163.com/goods/33908
https://buff.163.com/goods/769225
https://buff.163.com/goods/38186
https://buff.163.com/goods/38171
https://buff.163.com/goods/38185
https://buff.163.com/goods/33951
https://buff.163.com/goods/38154
https://buff.163.com/goods/38192
https://buff.163.com/goods/38157
https://buff.163.com/goods/33962
https://buff.163.com/goods/38230
https://buff.163.com/goods/781682
https://buff.163.com/goods/921613
https://buff.163.com/goods/835777
https://buff.163.com/goods/776874
https://buff.163.com/goods/921597
https://buff.163.com/goods/33919
https://buff.163.com/goods/38161
https://buff.163.com/goods/929087
https://buff.163.com/goods/887080
https://buff.163.com/goods/763505
https://buff.163.com/goods/33952
https://buff.163.com/goods/929123
https://buff.163.com/goods/835826
https://buff.163.com/goods/775391
https://buff.163.com/goods/38191
https://buff.163.com/goods/38227
https://buff.163.com/goods/781683
https://buff.163.com/goods/38155
https://buff.163.com/goods/33916
https://buff.163.com/goods/38224
https://buff.163.com/goods/776479
https://buff.163.com/goods/38158
https://buff.163.com/goods/38159
https://buff.163.com/goods/33967
https://buff.163.com/goods/900649
https://buff.163.com/goods/33958
https://buff.163.com/goods/38164
https://buff.163.com/goods/33875
https://buff.163.com/goods/871853
https://buff.163.com/goods/33917
https://buff.163.com/goods/38156
https://buff.163.com/goods/779374
https://buff.163.com/goods/33954
https://buff.163.com/goods/38196
https://buff.163.com/goods/929070
https://buff.163.com/goods/33922
https://buff.163.com/goods/781719
https://buff.163.com/goods/871769
https://buff.163.com/goods/763486
https://buff.163.com/goods/877222
https://buff.163.com/goods/877216
https://buff.163.com/goods/38182
https://buff.163.com/goods/762110
https://buff.163.com/goods/38207
https://buff.163.com/goods/33929
https://buff.163.com/goods/38235
https://buff.163.com/goods/871677
https://buff.163.com/goods/33923
https://buff.163.com/goods/38222
https://buff.163.com/goods/33927
https://buff.163.com/goods/38189
https://buff.163.com/goods/779295
https://buff.163.com/goods/38200
https://buff.163.com/goods/761496
https://buff.163.com/goods/38214
https://buff.163.com/goods/877004
https://buff.163.com/goods/38190
https://buff.163.com/goods/835881
https://buff.163.com/goods/33867
https://buff.163.com/goods/877228
https://buff.163.com/goods/38170
https://buff.163.com/goods/921605
https://buff.163.com/goods/837375
https://buff.163.com/goods/33903
https://buff.163.com/goods/33894
https://buff.163.com/goods/38199
https://buff.163.com/goods/38187
https://buff.163.com/goods/37517
https://buff.163.com/goods/772917
https://buff.163.com/goods/835982
https://buff.163.com/goods/33879
https://buff.163.com/goods/33948
https://buff.163.com/goods/776459
https://buff.163.com/goods/871673
https://buff.163.com/goods/38216
https://buff.163.com/goods/38184
https://buff.163.com/goods/38195
https://buff.163.com/goods/877080
https://buff.163.com/goods/37513
https://buff.163.com/goods/772919
https://buff.163.com/goods/761380
https://buff.163.com/goods/37516
https://buff.163.com/goods/871696
https://buff.163.com/goods/33943
https://buff.163.com/goods/38209
https://buff.163.com/goods/33899
https://buff.163.com/goods/33933
https://buff.163.com/goods/38153
https://buff.163.com/goods/871960
https://buff.163.com/goods/33895
https://buff.163.com/goods/33863
https://buff.163.com/goods/921609
https://buff.163.com/goods/33920
https://buff.163.com/goods/872002
https://buff.163.com/goods/38165
https://buff.163.com/goods/835875
https://buff.163.com/goods/38215
https://buff.163.com/goods/33914
https://buff.163.com/goods/776538
https://buff.163.com/goods/38236
https://buff.163.com/goods/877076
https://buff.163.com/goods/33902
https://buff.163.com/goods/871803
https://buff.163.com/goods/33979
https://buff.163.com/goods/38152
https://buff.163.com/goods/33928
https://buff.163.com/goods/38160
https://buff.163.com/goods/38197
https://buff.163.com/goods/877074
https://buff.163.com/goods/878158
https://buff.163.com/goods/763487
https://buff.163.com/goods/33924
https://buff.163.com/goods/871974
https://buff.163.com/goods/835945
https://buff.163.com/goods/835831
https://buff.163.com/goods/38234
https://buff.163.com/goods/835824
https://buff.163.com/goods/38217
https://buff.163.com/goods/877119
https://buff.163.com/goods/871985
https://buff.163.com/goods/33900
https://buff.163.com/goods/38173
https://buff.163.com/goods/33930
https://buff.163.com/goods/38180
https://buff.163.com/goods/38198
https://buff.163.com/goods/38203
https://buff.163.com/goods/38181
https://buff.163.com/goods/38218
https://buff.163.com/goods/38232
https://buff.163.com/goods/44362
https://buff.163.com/goods/38204
https://buff.163.com/goods/38169
https://buff.163.com/goods/38213
https://buff.163.com/goods/33901
https://buff.163.com/goods/776912
https://buff.163.com/goods/877230
https://buff.163.com/goods/33898
https://buff.163.com/goods/761439
https://buff.163.com/goods/759366
https://buff.163.com/goods/33918
https://buff.163.com/goods/38233
https://buff.163.com/goods/33955
https://buff.163.com/goods/759499
https://buff.163.com/goods/38208
https://buff.163.com/goods/38183
https://buff.163.com/goods/33953
https://buff.163.com/goods/761440
https://buff.163.com/goods/33982
https://buff.163.com/goods/877064
https://buff.163.com/goods/872041
https://buff.163.com/goods/33925
https://buff.163.com/goods/38237
https://buff.163.com/goods/772930
https://buff.163.com/goods/38194
https://buff.163.com/goods/37514
https://buff.163.com/goods/33963
https://buff.163.com/goods/33965