34672
781666
45262
857609
33909
779196
33868
33861
769191
35240
769141
871745
775915
35229
835620
857534
33971
35239
33869
33960
33946
759251
779194
34064
35166
871107
763243
900590
763469
38692
35345
35192
871758
900529
35327
34958
34073
36361
38787
38265
35187
33961
39513
835896
38177
35230
886676
34092
35276
33936
886994
759261
33923
871327
762156
34099
781656
762216
759262
774713
35209
775619
773757
835736
886628
759200
929034
34102
835337
871478
921874
921424
45381
33878
36457
871269
38853
773720
38323
927369
774997
39505
887057
33945
36554
35258
34063
774810
835668
38816
775557
35253
762113
762165
779297
779249
773726
871615
835396
33974
779239
35355
781552
876960
835595
781695
835780
34656
887038
779280
759295
779322
773774
762252
835398
779213
35322
921876
38666
38835
887021
877050
45384
887059
35228
36552
35167
34939
779319
759294
775807
45304
900597
779329
773678
769175
759411
38802
773670
38157
921589
775146
835852
776073
779299
36529
886988
34659
876963
775872
33972
775082
35264
779247
779314
38883
835618
779219
835663
45392
762193
835830
871549
45245
921604
877203
34667
857690
35331
759430
33865
33896
921563
761397
775204
774777
773667
886663
763488
38906
34108
763384
871238
927323
38263
34903
43994
835751
45261
871335
779326
34858
775674
34003
887070
35261
871636
759252
835547
921551
835788
38011
35333
35184
36372
38873
34685
38534
36380
900650
38678
36508
35277
762108
36382
835614
835359
781578
36568
38781
887032
38302
33931
36555
775276
779305
36530
837375
781621
38682
38652
762217
759255
33859
38823
759300
36373
35227
39562
34647
34140
779307
34642
775357
33940
36383
775271
35309
35223
775142
773660
769575
38657
38808
774699
779354
769574
38227
34686
39445
779278
871370
34001
38501
34823
33980
871062
37740
36513
34955
38521
35231
34646
921562
35169
759296
887047
921548
34666
34954
37733
769273
36514
38529
39460
34094
37532
38239
38012
761539
921600
38874
927372
38661
835770
38321
773648
761474
38163
759282
835769
871831
38532
38528
34055
37735
761441
762231
835870
38656
35180
38811
774789
34056
761384
36548
857716
835765
39455
775168
38256
876968
36549
775364
36493
781702
35341
871235
774796
38506
877199
871376
34640
775175
38010
35346
773691
33910
38300
876967
835829
876981
38271
38791
34905
877068
33962
929054
38865
33876
781703
38648
37541
759363
871146
34975
871704
761378
38863
871333
38834
38295
38211
37516
835881
773723
38894
779331
759234
38647
871449
775391
38219
33978
34091
39536
34101
773764
38288
36371
886636
45249
39526
887058
835606
38222
34054
779404
761361
759498
34071
33973
37736
921878
38782
38155
35252
36534
36390
759367
38166
33957
38206
33968
38898
871106
775360
773788
871772
37730
857711
38790
876983
38524
35182
34965
835737
781615
38159
45447
45305
33921
35197
38810
775601
773704
921432
35292
38162
35352
877154
835909
38158
35213
33884
857658
835592
921542
775906
763423
835645
35302
37542
38176
877216
38264
33881
33893
34684
33922
38316
781708
836050
762152
38255
38516
900619
38232
35218
36499
876954
45501
769469
921456
921594
886992
35185
38290
872044
38174
759293
921545
774978
38172
929055
33977
35280
38676
871734
44242
927384
776459
34027
34908
38840
38654
38614
34082
877037
33952
38202
871769
35235
35338
38230
900663
922125
36547
835816
38192
39522
33932
37534
38829
759259
34024
921576
769475
876936
776479
761500
836236
33908
36532
38281
921460
33982
38294
34022
38266
922127
779287
39465
33955
35356
33934
34901
871677
38798
33981
35325
45263
835982
835831
38224
886983
34879
929045
763318
835560
773734
37543
900646
38228
35315
857700
871156
779295
871392
921875
39565
775230
774893
34075
769573
871830
38896
763383
779325
38161
887062
835424
35207
36458
779412
779332
781683
34834
762248
38792
769584
857704
835943
37742
835706
39517
776029
835422
876918
900623
38876
775722
43920
763390
36497
36551
871762
39444
34821
38278
775899
36460
33897
37608
39528
927395
871200
871161
33956
921593
774977
33858
35200
772915
871688
38794
39446
835421
774817
929070
835730
887064
929091
835932
877052
34985
835667
773643
33986
38280
775270
877418
38783
761442
877204
38881
775853
39519
34676
34069
775447
38542
759249
887078
38241
900653
887072
38659
38181
38152
38828
776707
871878
34133
763489
34934
39462
775541
38207
39543
39466
769258
33862
776912
759204
38503
33996
871749
35256
871172
34080
35194
774994
43931
38249
38818
35170
37972
835699
876961
38231
929037
835454
769591
769415
871673
36527
38862
871853
38788
34138
34835
38858
38251
929053
38518
929108
39560
774944
38293
835707
38807
35161
36388
38308
43933
39533
38154
775038
38171
37711
759281
763471
763441
835412
774776
877221
871599
781716
835884
43922
38544
38305
36494
775558
38504
34964
35164
33900
900628
871610
38817
36387
35178
35268
759560
38903
34670
38606
33914
877004
38173
43914
835822
38861
835934
34098
35196
769483
38786
871790
776454
33919
38905
38286
35260
38815
38182
34076
835901
776179
34031
33863
877178
33951
769472
871176
38877
36506
775823
835885
871289
774703
33867
35323
835630
900649
871408
871569
762153
38250
835632
835428
39542
36509
38892
835690
887090
779374
38296
38821
38609
33998
34025
775531
38245
34023
871748
35215
34086
36543
922116
835826
45434
44060
38216
779353
38510
776538
33894
762203
772917
37663
38500
877228
38800
775098
871674
38864
38543
761496
835445
772919
37544
36510
775730
33987
33958
38314
929113
35310
33933
38319
871782
773713
835759
38269
33959
35211
835861
37519
776737
33875
38805
38687
36455
38297
38809
871974
38279
921613
33917
38196
776764
38893
35300
34057
34935
776874
779429
35319
35222
35273
835691
36386
38822
35272
45390
762249
36533
871812
38686
36528
775717
37515
43932
39456
38214
34104
38013
773742
38615
877076
877380
38612
876951
877135
38827
38170
921605
776386
39506
38888
900652
871638
775898
34000
35301
37998
36429
871497
33949
835648
900661
38267
835970
877209
38198
775491
38223
35279
36415
39464
776670
38312
38904
38650
38826
35350
871816
34892
835724
38515
38248
36496
34982
34629
38871
35305
35193
39453
37654
38218
38210
38496
38545
38197
877259
39556
927393
38199
38226
871785
38841
38889
38189
927387
36569
761439
38309
871191
871447
38497
422384
33983
759366
38205
37609
38217
37738
38696
34984
35274
38830
38285
38508
835598
871470
774700
38287
39489
929044
775245
871960
38843
36545
775783
759433
759230
35266
38301
38859
35219
761706
775967
34891
39458
39457
38875
38866
35330
34668
759233
36587
33864
775901
871696
38229
776058
761514
37718
835567
39557
38847
775964
38887
34622
776411
763505
43921
34106
44717
35314
929085
34963
37991
835678
775983
38153
35177
877222
929065
775768
38839
857703
38837
34632
38838
37741
33984
34020
38184
38820
929094
877230
38505
43923
877090
763504
772921
35348
773776
34004
776030
35234
773759
36414
38784
35329
34135
35225
38848
38307
33964
871535
38282
38310
877072
33985
38901
38188
38833
761473
35275
34832
37665
39512
34093
37604
34620
38857
35349
38897
929074
37517
871786
769576
39529
774819
775889
871953
775950
835758
38246
33871
34936
774951
37666
34103
835531
38254
835423
38213
759369
775442
775077
921582
38499
779417
38525
776828
871190
776078
35267
36492
774957
871911
33948
763351
38270
877229
871803
877113
34907
36544
45546
835755
38236
38283
759562
36586
761640
35189
762110
877101
34974
871448
759301
37989
39540
775762
37717
35304
39504
38526
836032
38878
38831
763487
775004
34966
779400
38233
35163
33939
37731
33943
38165
37981
775952
38017
871703
776567
761395
33954
877074
779330
33898
38303
37667
775893
871699
877092
37528
761535
871822
37675
45393
37649
877163
35236
877231
775470
35324
38697
38235
759370
34116
38193
38512
34021
39515
34683
835746
34117
34956
775805
835837
929087
773777
38793
877190
38851
774856
38797
871894
38209
34806
33902
33938
775408
871466
39447
871347
38289
39461
835820
33901
776694
34680
835725
761475
38313
37719
35217
775523
33895
38882
877116
34825
38272
35307
759372
34100
37732
35259
38613
37993
38673
38885
759284
38495
38870
38819
776067
776888
35241
877065
927392
877114
37714
35224
37600
39459
44362
39553
38832
33927
36507
877086
38803
36384
44360
871985
37723
37729
37976
33950
877019
38780
33920
38789
34973
775272
929123
871476
775968
36512
34621
763486
38507
775365
35168
34127
38204
39503
775253
872120
835903
38849
35298
779383
871648
33928
835974
36474
35270
769585
45526
36475
34068
39552
38005
36381
35233
38315
34111
929060
775999
872127
775486
39534
34142
36498
929137
38003
37724
38326
36566
835987
38185
769630
38785
39541
835875
34120
37987
871373
38200
38900
38672
36453
39550
36580
835824
761513
877379
37973
37676
34019
835651
33926
38511
34136
35271
39545
35320
36531
759256
38007
38610
36430
34105
761585
835676
34868
37728
34812
781719
37610
835945
34681
45593
38156
38194
33979
835965
761380
775293
37990
877080
34924
872041
37716
38688
835714
37538
38535
37737
37536
37527
775566
36473
39551
775487
774962
773819
877119
38899
38284
773805
836049
33925
38304
35290
35159
38607
38298
37677
761342
34807
33899
37639
44946
39547
34006
929111
35321
35313
34986
929138
877198
38799
34074
38164
37664
38891
761396
835626
38695
38605
38845
38180
835649
761598
34134
39454
36567
37539
37988
37645
775986
35308
37601
775732
37970
33924
34687
761501
37524
35336
877067
33903
37734
37548
37607
775745
38856
761506
34893
929106
38195
39527
37985
835817
38872
37739
761934
34805
37529
38009
38008
37613
871541
38006
37530
37514
35312
37540
886661
781655
773641
773614
877142
773658
921434
773763
773735
781663
781640
781553
886662
877039
886614
921415
921544
886964
877016
877034
921472
886690
877027
781554
781548
781580
877010
876855
876851
877030
877011
876934
876843
877040
876850