33970
904203
871468
857602
857601
835695
781569
781534
779175
776869
769215
769173
45237
43233
36523
35803
35548
35505
34328
900464
835382
763265
45262
35262
921872
921493
781594
36346
857561
857538
857515
835357
781671
769121
35008
34394
34393
34072
835351
35890
33825
900534
871440
781614
779224
773686
773432
769135
759213
42322
36174
35490
35302
34790
34662
34325
33870
33832
921577
835674
900514
763254
42539
911747
900621
894109
775915
38852
33811
921416
900487
774762
45266
40043
38220
900637
900571
900562
900528
36165
35660
33860
921402
779257
763250
762116
45504
34125
911470
836063
776846
763364
39762
36338
35258
34126
911266
857570
781598
759272
44002
35253
33873
900586
900563
900511
887014
886662
886611
773641
769127
762075
38539
36408
35366
921469
886650
36552
857536
779193
779182
42572
894147
871519
871354
763301
759198
37510
36354
921472
921383
900654
894149
835609
773656
42967
921876
894079
34987
895373
762109
33906
871495
871434
779201
779200
775541
759460
41993
34657
921441
38647
36554
36287
35708
35393
35169
35060
871655
871581
871443
871327
857637
835380
779280
779250
769774
769174
763419
759245
33888
921473
921419
900596
886649
875983
871426
871066
781626
776852
759192
42544
39076
36540
36503
36032
35078
35074
34886
33887
900492
835822
755701
38811
759516
45263
38288
35940
35180
34111
921447
904215
781577
36222
886644
871621
871531
763355
33934
775872
775162
774828
762152
45259
39518
39481
36340
33845
921584
921382
886688
886670
871409
781600
781583
779363
773754
779194
774894
773698
759363
759282
759262
45371
39083
38853
38346
38323
38320
35229
34122
33886
911220
775557
773646
762097
45403
45370
43017
42175
42093
42092
35956
35726
35683
34392
33869
900597
900484
871501
857663
857522
781659
36095
903835
894181
853088
835381
781685
775612
775407
775380
775234
768338
42196
42017
35725
847283
847280
775850
775467
36398
35367
35242
35183
35101
35002
34978
871189
871068
871067
835395
835347
781541
775288
763282
759306
45383
42266
41984
871099
847262
847228
835670
769244
763353
763327
38596
38206
36039
33885
33878
871340
857627
769583
45368
39718
39685
896638
871369
871140
871121
857588
776850
45270
42581
39601
36442
36076
33965
36636
34879
33937
857550
763332
43054
36115
779382
38802
36356
35842
35356
34823
34444
33922
871677
36263
35086
34931
910985
43315
42818
36229
42172
35801
35425
886629
42223
33820
911733
911646
911418
911301
911253
911132
911085
857556
45432
42770
39647
36484
847297
921566
921385
871185
867533
857669
835762
779227
762096
38318
36420
36410
34143
34123
835707
835646
779365
759200
886648
835551
759738
39418
35142
921407
873651
857639
762137
759586
45365
39537
39333
38953
38146
35569
34457
857564
857582
759195
40844
40371
40364
39708
39664
36381
34641
34144
871117
835801
835661
781592
774853
759464
35914
911729
857614
759578
759244
45386
42192
36429
35250
35166
34401
34028
900613
900488
894279
894128
886981
886637
875987
857571
857566
857562
894116
886652
857520
45387
39513
38357
35820
34875
900575
774738
763263
39086
35188
781660
769474
768592
768446
768238
871449
763300
42100
38632
35076
900594
847312
836111
763248
41968
35936
35341
35282
34403
34097
903853
847256
762197
45345
45247
777372
42016
34481
34096
781608
38155
35595
35191
886669
768454
45385
34402
878907
871063
911458
871457
763298
35286
894290
886666
847309
759227
42650
911155
900590
895291
886692
871851
779226
772306
763390
40014
39924
38933
36690
35976
900496
880188
781595
773673
761459
759633
40516
39976
39974
35855
35781
35275
34857
33943
876018
911478
911013
871134
774774
763435
759378
759197
35921
35489
35477
34781
34013
921475
900588
835943
39116
34930
38609
38211
35263
35245
35244
34439
33844
886642
879002
871990
871704
769569
769178
763311
45367
45277
847200
769425
45490
42199
39427
38531
38415
35779
34041
781606
763289
42028
39722
39279
36687
36686
35984
35776
34404
37161
36486
35592
34697
877056
779255
37285
900482
871550
774893
774881
763243
761349
38987
38704
36466
912923
835726
835678
781704
763485
759257
45451
45272
38369
34278
34277
887079
871370
871092
835789
835781
835343
769197
759631
34084
33997
921456
857552
36483
921403
904200
776802
34663
921564
921479
871836
853156
781567
45324
45279
36351
774871
773524
755697
42347
42240
34029
763400
759212
37297
34571
45312
41994
40958
40266
39945
36262
35916
33909
888067
857660
781656
773542
41056
900646
871825
871138
847223
781539
42129
38947
38676
38438
38178
35364
34578
33978
775853
769183
762120
43102
36225
34910
871859
39231
39005
36524
35885
34559
886638
847292
836074
779485
769776
45424
39712
39151
34023
33891
903859
900576
773836
759248
880183
880178
762844
39406
38854
36125
911216
853160
835883
780263
780261
34689
34568
869889
779124
886674
886630
773675
772371
762102
42783
42735
40627
36905
35777
35644
35343
886671
886667
886661
886658
769500
768243
40401
40346
38398
35591
35192
34537
836010
772356
772064
769184
895361
876016
835752
763324
39710
836341
781564
35723
35371
775725
770129
760134
42556
40902
39972
39882
39824
34597
875971
45486
37079
35593
779111
38158
35612
35144
35140
900533
835731
835545
39344
39103
36557
36360
34699
911235
903843
894086
871801
857657
769205
778619
774678
36615
36490
871927
763307
759525
781622
35153
871746
34658
911480
911248
835339
773612
42355
871442
836095
781568
777234
763273
34968
34039
857547
775601
763382
763381
38221
36072
779209
39443
921401
35172
41973
34789
774827
887008
39087
34917
900489
876867
871245
871182
871119
35766
37001
36559
904210
886634
886608
871710
769437
769230
42343
39596
35685
887040
835886
762275
33963
886687
763352
45269
42772
34979
857612
779304
779265
769185
763303
36529
35800
35015
921437
887050
886754
857680
773711
773423
45650
39201
41157
39946
39942
772360
772284
763331
43139
42346
36672
768464
45485
42733
38150
768384
768379
768201
763241
43083
769141
35310
895411
835978
835888
35724
857529
769273
776440
900527
871978
871422
857613
36589
36526
34634
835889
774864
35410
35007
921556
762205
42628
34995
904201
43161
921510
778863
42486
773669
762185
921546
900616
835607
38408
37543
35673
769139
759882
33841
41967
38835
38602
836062
776827
43254
42560
921517
894431
836243
894332
835635
778629
921585
895356
762130
45313
43184
921487
769438
921522
903866
895403
894272
894268
781655
42229
759324
42765
40672
40592
40246
35628
33687
857676
42498
42218
34448
857617
38781
886979
37002
835780
39396
35406
33952
921462
921391
871767
777205
763255
38817
34756
900478
871146
35434
33823
857632
36465
35073
34073
34051
847317
35283
921481
773850
43172
38281
35332
871993
759310
900615
896640
896637
779517
43141
42198
39020
38723
37754
759742
45398
45366
37568
36560
35507
34912
34908
34313
896646
886645
876093
857636
773638
769574
761559
42369
42018
41991
41768
835548
781634
762074
42312
42027
39136
36347
34677
34275
921449
886989
877157
877003
876946
900565
835415
835407
835386
835353
835342
41140
886999
871563
835530
835367
835332
45283
45246
41015
835541
43107
857704
835605
45582
35223
836122
779243
34874
875982
900502
36563
871312
39632
871432
42704
43121
835938
761539
34441
33992
911213
871979
836093
759679
42752
36638
35022
779197
34108
35287
34691
781639
775056
34517
33969
769130
42187
871435
871805
871762
857533
900599
835814
781632
781582
42737
39563
36618
35195
911405
775158
847272
835940
886976
871333
774952
45278
34836
871656
34337
876880
34414
774902
45488
900607
781682
763424
45559
42306
35861
35395
35128
33892
38990
37516
781578
774892
774735
42986
34098
900595
900560
886665
33846
835764
45274
36211
35818
775642
36435
36434
36329
36251
36198
36197
35397
34766
895632
775700
39476
34555
34440
887017
867532
776713
772043
769258
37895
35004
34661
847291
39402
34359
871351
771977
33868
921502
45245
39051
759242
35465
911599
911423
779195
38834
42183
35197
34900
34779
900572
835985
34754
759513
42741
871196
871193
871104
39761
773774
39806
35935
35333
921509
872000
835841
773727
42828
911308
835360
776068
835850
857620
35900
769423
36361
36078
34903
773687
42423
35162
769440
911723
911615
911541
872184
774695
33942
871335
779232
759208
45410
34672
835404
40825
37287
896635
869876
778617
777233
774817
772019
36998
781686
762238
759269
42051
39663
39274
38562
37878
35986
871251
857611
781661
42177
39240
36667
35780
34752
777220
40030
37099
36069
35877
867529
769188
42964
38730
38393
38075
35499
921550
903827
886996
781629
768558
39255
38867
43091
38442
34478
904204
835867
773720
835774
37439
921533
42598
39619
38441
836125
41006
39820
35174
921562
774786
39983
759367
921583
911371
894140
777410
773548
835687
45602
779279
36757
34734
34539
779494
900580
894283
887032
871344
779258
779235
42061
39656
39485
36479
34637
779236
762056
45397
42084
36673
776755
43020
42604
34960
33872
880158
880156
880155
43071
42113
39944
36327
871159
33912
762077
45557
42104
34794
760486
760472
41399
40984
36996
38992
773630
42316
36288
776901
39636
39372
38864
36342
835939
38226
36193
903850
903842
903841
773755
37929
921483
900604
759509
921463
42702
921442
921534
921527
921516
36681
763280
37819
871323
762154
43248
871397
773636
34929
33966
895330
895628
871792
776884
762163
900544
778628
857640
755690
42269
33971
911255
894234
894104
871987
857629
755695
755694
40993
894380
894336
894080
779262
42634
42091
911831
878970
34099
900529
779186
42219
34336
921445
38461
35977
42181
43131
33907
886676
857623
911483
911217
886628
781651
781571
35016
886615
857532
857653
42589
42182
39301
36504
38727
33947
911394
835636
895913
835768
759368
888057
43305
34369
911348
777411
35136
871684
45303
871218
904208
871433
781559
763284
39566
877154
877151
877043
34939
34344
33815
887015
769435
769224
35509
775146
894414
921572
42381
857579
772260
42034
835692
39351
40324
35879
35297
921476
888027
836100
38679
900564
35064
857606
763317
35754
760039
45566
835425
35328
39254
888028
903861
903826
835732
887033
876065
921604
779024
39289
911207
40213
45470
42193
35508
857656
759409
43235
38660
34949
857519
835471
871607
759402
38363
36653
33961
903862
857634
781694
43257
39199
871137
779043
763399
34443
900583
876903
871797
871685
847305
835697
779020
762094
40107
835610
42257
34569
900485
857530
776716
36352
34872
847234
759325
871262
871062
34570
836046
779326
35985
39349
38401
37766
36387
35870
34992
34352
33842
835735
773776
769434
39570
35520
34562
43200
769186
39512
39371
38253
37700
36583
36581
35816
35552
35159
876038
778621
774713
42371
39345
38589
37942
36663
39436
900470
835420
779332
45307
36478
35684
33991
35209
887002
37559
778578
35208
34139
34989
779297
42730
35796
34557
34548
33876
900549
886949
45392
39782
39387
39264
36551
35171
34999
33879
776877
45249
42011
38592
45571
42587
847260
871907
779122
42452
36010
33921
835464
769573
34700
887023
35679
871421
876928
871616
759253
34315
921553
921549
763429
759365
759241
921515
857610
835422
38896
38270
34967
34811
921514
921512
37003
835759
781613
42685
779277
35491
41501
36220
34536
763283
36145
911099
35362
33945
847289
768183
45346
871733
779314
769504
759317
759254
39297
769251
776030
43302
35350
871774
871574
762220
39135
42243
779275
776483
34449
894346
759780
45320
43999
871660
40133
42021
39258
761427
759737
759684
781680
781653
760619
36450
42402
779259
43007
40239
895489
781713
38176
836117
769207
38261
37806
36173
35630
763362
38371
37651
39766
847300
39694
835874
779271
921501
894298
769191
761353
895380
37731
36037
35046
903860
871688
778639
778622
775341
762853
894259
876072
876042
835835
835595
39846
857599
903831
779208
43198
42014
35284
835476
36421
847229
39479
911404
900531
876846
871111
857642
37861
43954
43222
42449
42387
37000
836495
836199
779312
779299
45405
43589
38583
921423
871595
857652
40855
876966
876175
871626
779270
42777
42191
42008
39386
759321
42729
41859
38431
37774
34835
857607
835706
763486
42582
34082
876040
769421
42132
42131
36142
35856
39797
33819
42342
38719
38628
34447
871194
36322
911391
871535
42667
33975
895607
42461
39259
38553
35326
34463
921400
857670
911410
35757
35161
38064
37756
35067
921524
42108
894287
894276
886678
775067
835746
835652
921561
871542
835473
779214
773766
45369
39450
35230
773547
911362
911215
871203
761420
911562
911298
42724
35416
871672
871640
871516
871461
871326
36202
847226
775790
775695
774776
773726
39506
39501
39033
34913
776847
773707
769177
763465
38451
35873
35394
774975
762194
45322
42242
39706
39187
36595
921554
911309
887025
876917
871496
781535
774890
774846
35522
34510
34080
781678
763309
39818
36239
835873
775531
769422
38426
36204
34648
887046
887044
775952
38316
921551
42748
35207
759295
42258
774997
773442
759328
876011
871855
871834
871090
763406
34625
42538
34437
900561
769502
507467
33980
873650
774874
45339
911499
911254
911006
871306
39438
43038
887064
886655
871734
871437
763295
45310
38675
871631
871199
871143
34141
921431
894135
835832
43188
42307
38974
38973
35468
35053
778630
42308
38959
38957
36395
36394
35615
36106
781536
773717
763384
39113
871492
34911
763272
761377
42245
38916
35494
779305
39036
45261
42050
886684
45265
871388
34065
911765
900608
876108
772446
772383
41009
40150
37135
887024
887020
835552
835374
42386
39307
887056
835585
835582
900566
835928
43159
38358
34969
900570
39212
36290
34338
34335
39042
35340
781552
886651
781560
42201
835579
35954
921425
835765
774934
34283
755689
36691
34002
777090
776961
773529
39659
774981
857658
835482
775891
775791
775721
775705
775671
775630
775406
775398
774929
774675
36997
779429
774787
774681
835445
43182
43158
775452
775418
775035
857605
887071
886997
45325
36163
776956
769232
769126
36104
34350
33812
34454
921454
911115
886673
771980
39041
38934
36633
36501
36121
35003
34793
835671
781633
42504
38347
38118
35080
900530
772027
39595
900498
872106
37289
35488
35331
762135
769540
894372
871497
45256
36349
36144
36019
34415
857633
775988
42434
878923
871772
836140
774788
35421
894145
772905
772902
761430
761359
37948
776940
768435
904214
761387
886982
835493
34538
33968
35355
835727
895464
877124
780275
772077
769922
768223
40182
895558
775328
772410
921565
835800
42994
34797
875843
36430
35452
921453
896649
771961
768332
42352
41121
39786
39691
34710
875863
835700
781596
42932
39278
774810
35011
35204
33881
39002
876106
763491
835624
762121
773534
756746
911153
38278
769801
911337
871135
869898
42062
41601
769556
768555
768311
33974
887066
37446
35084
895354
37448
36843
36714
35438
895593
894152
762161
761428
762846
39157
36127
35805
779044
777223
41959
35083
42740
35304
886675
39094
34512
871417
35719
34745
876981
910992
37617
871787
871764
775473
38728
871412
759236
779285
759247
777215
45427
33874
871758
900537
835809
781642
34015
35184
878975
857688
36459
835546
37512
36124
776837
759225
42087
900589
37694
36505
35216
33813
34012
872084
835485
40069
40010
900517
895605
895535
45284
41152
835638
42398
38399
34349
886809
763363
39509
34642
776826
43511
835408
38892
39688
772389
760536
40699
921464
911592
911589
760548
41940
40817
762173
759901
39217
37820
895576
781665
36460
871678
38999
38633
36574
35383
43992
38317
37944
876009
761360
38455
894397
835603
774913
37671
763308
45331
900629
759283
876861
769524
38668
886994
775175
37945
37623
33959
878848
877013
772297
34884
877259
44013
911539
45316
43307
35201
911088
904213
877053
894263
894180
894139
847233
38301
35720
35643
33895
888039
36353
895893
835887
835810
760106
759309
43854
34063
42553
45440
38742
38405
763240
39098
43011
42929
37656
871108
35554
35729
914084
39707
45296
39807
39071
779414
775242
759431
43924
38771
886664
38986
42888
36067
894463
871886
43245
34842
33884
911841
762216
42389
42135
34521
761474
42428
872173
777041
875864
759178
39156
34788
763281
900657
886991
835478
773868
39011
871874
776803
38312
35280
857568
41713
871598
911341
35493
921538
768328
43025
773855
37740
871601
835673
759744
35523
779495
39767
39569
36130
35650
847319
38407
776911
37860
921576
835426
33998
38154
37515
37007
35767
39133
39079
38624
42576
38666
871609
836247
779256
759411
34977
763436
761450
42314
39651
38379
871596
772200
876961
835411
774904
38691
42151
835662
42731
878934
835409
43186
39286
39060
38333
39120
911530
36172
835480
781563
781620
769579
769256
42211
34904
847306
847285
847293
42495
39745
871216
42399
34036
776607
771950
769490
871624
45554
39489
40303
835756
34963
835481
776764
871654
38751
877185
37010
36296
43075
45376
37437
779486
871065
774690
872035
871315
45281
39577
900651
876968
760139
45400
877203
781637
45314
43262
33927
755696
774739
857677
39492
38505
33931
34514
769773
768252
39519
38753
38259
835537
774778
768197
38750
35151
39470
763294
39445
773632
35714
921552
779287
760136
835396
835908
835701
36392
871113
775897
34834
33830
871269
772212
34132
40445
45327
39906
911411
34688
871227
900650
887042
871489
857708
775323
42965
42692
43916
887051
39352
911814
759884
759528
42688
38417
776943
773731
921526
773838
871737
835435
779219
835804
871224
43939
43147
769192
43059
39502
35925
35276
759341
38983
38474
835421
775223
35381
35363
34341
763237
35335
35334
37288
35990
35480
34961
34670
835717
835712
43133
42110
39907
35969
776917
39022
38512
36473
876878
835689
835676
38191
36511
34974
772044
759366
43218
40504
39023
37139
762195
40759
34653
772919
761641
40245
40232
36655
41429
41230
41221
39414
38683
853175
41166
40685
36041
36028
35721
35535
35533
34693
835433
41990
39298
39275
35704
34997
835870
35809
911078
41418
39867
38340
35797
35611
835474
781708
759288
41901
40866
34737
34721
41459
39898
39420
39408
38360
35252
773678
772374
36350
921557
38997
38962
38615
36545
35830
835933
835877
769552
769225
38678
36388
34055
835782
776161
773668
773650
43513
43280
875966
39029
779040
779021
778632
38530
37609
37054
40896
40576
36188
35941
35912
871529
771979
42127
857651
875969
37823
37778
878846
781672
877221
871526
781645
769492
43230
835760
38484
43134
40292
39494
37283
876991
911206
871995
35214
763386
33964
42782
759715
770858
770848
835734
896650
43028
762179
781702
38839
37825
36126
35187
35052
775055
36464
34795
43343
43246
35840
34958
34462
779489
769580
45409
761434
45268
36068
921875
768366
876037
38613
37580
43050
42311
45340
775909
872026
43951
39510
39057
37566
35703
780252
39736
42380
759462
45394
871686
777206
772015
847295
38380
43424
42767
34354
34000
871580
871547
879018
871517
768421
768195
39923
38406
38725
773787
773693
761500
43928
775041
774798
773760
773718
36556
34140
45390
38915
773635
37877
775108
775101
36194
877081
779319
38251
42184
38840
911725
911488
37812
774944
773815
38464
871832
36403
921563
42584
36359
835688
39142
857693
773732
39645
34146
775823
775245
775099
774988
39737
921528
781699
43000
35063
776481
34109
778627
34651
773652
759428
921537
42988
36176
921530
775115
775004
43023
35783
33919
761321
41485
41016
35572
34116
894330
34069
35337
38787
42012
41730
42675
35564
39804
895429
781649
775252
42412
37922
34716
763476
39412
34656
40964
37579
37282
759293
876134
36463
769169
40517
40491
921422
911299
34878
857622
776830
39177
39378
38627
857626
39082
921485
42035
759465
900519
43249
903808
35065
900630
894323
42950
894425
759278
921599
760550
775979
769140
876894
761418
39242
895624
781549
759435
34054
871914
871078
911202
857699
769151
42081
776026
769433
762142
45580
42202
775974
762851
36117
895280
894348
38726
835454
895435
779353
34272
768511
876952
895544
895486
768333
894335
759382
35314
35138
871286
38963
36131
34726
775276
42116
42506
36323
35426
36331
835675
769201
42558
37258
911731
39620
760954
877047
835444
769545
38618
895904
769245
39069
876054
773706
761431
34340
39216
35071
34735
877188
762125
45556
35261
42313
775447
39439
835345
763431
43784
778640
777214
35359
762861
39173
39018
39359
43294
43227
773642
40777
876115
835363
42305
36007
776954
40458
37633
835739
33920
871600
39754
39511
42928
34925
43938
35884
34504
37992
871200
41829
835699
40730
39001
35827
768346
768358
887121
39517
921548
871525
36084
857715
37309
836069
43389
37745
876071
38161
871290
887069
38794
41330
876945
773701
769528
911761
45507
35587
763354
768554
768503
39802
759311
896656
42621
835472
768484
768482
768436
768334
768325
768307
38207
39343
34667
876965
43097
33986
775899
762206
871690
871430
43137
847311
39539
39409
835601
871411
34351
35433
38716
871913
871812
38830
37801
34635
43142
871663
759741
45430
871698
43821
895615
776779
911345
776853
894386
763318
761391
761475
42535
835535
37991
42684
876100
761535
40454
876955
871845
875988
34434
39178
37725
37663
35164
773797
769576
42749
911669
911251
895574
876046
760519
768204
37055
39401
37696
42760
38217
42052
43181
759376
768258
876157
38886
895292
36372
38231
42262
35697
42668
35193
775842
43192
41933
34580
39932
34736
36528
38303
903873
34358
45393
40091
779412
38906
774931
759384
894339
761246
776962
45408
779298
33954
895402
770859
42948
895445
921595
39105
877229
773433
36311
36258
776538
756691
42936
769993
42836
42224
34621
34333
34294
39129
42716
759412
773723
42966
871847
776898
39126
35512
42645
895493
895364
894322
44059
878962
876055
35923
768330
768265
45413
772917
36654
775078
779267
43100
42372
41823
43818
759849
42349
776831
775225
42228
40508
871743
35902
871892
769267
759455
871272
911467
769420
857674
768235
911779
769543
857661
835770
43866
772316
43108
895375
759454
776902
776414
871846
42677
878830
35860
38319
34741
760734
43002
39610
773712
871909
40908
759575
42222
41658
41615
40408
40023
35325
40353
35610
34686
773791
911381
38235
895573
835656
40590
871398
775825
42633
762050
772498
772181
867524
772105
772070
759299
35048
42568
911586
836021
43208
776775
769798
35761
34391
762213
34965
853182
853176
776479
772923
39764
877090
871970
39295
38524
835600
43053
781710
34684
876944
777049
871217
34757
41527
34284
774911
39529
35323
42207
774863
774842
774801
39713
878924
759521
777192
43087
43101
759683
775532
835560
38489
36631
42417
42952
36300
35513
35479
780270
760298
773864
43282
38420
39382
911832
911526
761422
40632
836011
36100
775469
835457
41552
42004
871697
871898
43411
835619
43499
42672
35958
41250
871680
35182
34087
761344
759364
871973
871700
34964
877100
41806
41437
34494
769220
836016
871934
762850
41021
37910
835856
776844
769472
39186
914116
42552
769530
763297
42534
35000
42968
42689
775840
37387
35967
769787
762193
779313
38797
871273
871490
871423
774958
835592
876043
835383
775681
871088
835400
36135
921589
911647
42654
911188
37940
760604
781663
34343
770853
39477
876969
776976
769280
911440
39107
38818
34702
34698
34048
900661
34037
835556
39556
871541
775273
877034
871324
871448
835570
835475
42939
776054
38777
38640
871729
774832
43286
34798
775999
761508
40476
40175
762202
40399
759405
43703
760784
42512
772915
37980
871938
39392
911795
34732
911736
38492
37771
35825
761396
759275
41099
39840
39643
45361
39829
41863
775665
40310
835558
761447
34664
779380
877031
38554
770861
871299
768526
40159
43503
35832
768163
45493
775111
921609
835878
42195
38305
35728
38585
835907
38352
38861
39158
38949
768570
759430
37013
769428
763437
871307
911735
871917
42547
38582
35706
761401
41799
761394
36575
42726
42523
36005
41639
41565
41509
776968
775719
45496
40228
42753
37436
37160
37012
763490
43935
39984
39618
759844
769832
876973
43299
40970
835681
39793
871365
772144
895560
39803
38876
871358
35868
34316
760410
781718
772227
911327
912895
38808
768230
36609
775643
41297
40267
39599
39571
872068
887083
36455
775400
36003
911571
911697
775528
759569
760335
894408
43560
895510
835549
45315
41188
35129
41499
775646
774936
36108
34810
894430
887035
879017
911650
779381
768208
40331
39122
34118
34722
41710
39665
836041
775701
39653
43269
853170
769278
39030
877201
38656
38573
772267
761543
40035
38769
36780
775619
775440
41628
40799
40560
38021
877230
41902
895295
41643
40641
39986
895626
895488
40921
895286
762131
34935
768306
763488
836099
769612
911591
36256
43089
911676
776823
835575
776945
35506
911837
38998
871936
42180
38538
39013
39888
38680
34348
41986
41848
36432
42638
40037
36064
45465
776658
775805
39918
37903
36080
37834
40134
37447
894392
38445
34339
34561
871288
38348
759630
37445
42961
37695
769431
835428
780254
34184
38755
42094
40787
769874
35542
835412
760592
42098
42089
35051
759510
887041
42788
39508
38653
36683
776770
35441
34075
759567
42612
40954
773828
40551
895467
43952
34330
871271
39935
38563
39099
38365
37438
769129
38643
769631
39137
835861
772926
769527
761369
40174
37827
37672
895603
895545
895457
895432
895285
41855
40376
773744
763393
894457
39798
41864
41618
42106
37920
37805
768185
761509
45569
40872
37989
761488
761506
38783
768658
34094
878991
37994
36265
775066
39800
871205
759204
871261
40899
40185
36458
768515
895363
42046
35517
776896
36468
40901
871510
781706
38143
759319
34021
36707
876153
775524
895564
835866
41735
40638
768174
38381
757294
872050
772385
772376
40658
772255
37584
775854
38966
768378
38227
768645
775659
776814
759526
759318
422853
895410
895444
894114
776691
895472
836113
38985
911546
921542
38501
773634
887076
871880
895614
39819
835588
871453
835965
780265
774862
779120
37383
772330
40584
40287
40017
40734
36382
34645
43528
37382
769858
760400
768260
40453
876949
45240
43048
38291
37011
40606
43046
42237
36904
777040
40678
40333
769254
38343
38205
35682
43977
34744
876111
772026
45503
38193
38228
835797
774956
42876
42856
876123
38881
38667
35667
853183
39024
40153
39112
895612
895383
39088
35869
43932
894391
894156
911805
773772
40582
876145
40935
911732
36216
769475
35440
39400
38497
44055
759314
911728
768391
42263
39698
35027
42264
38686
38508
38847
39329
40260
37198
42640
43105
44999
41646
756413
45581
776097
34406
921597
37999
871744
42578
38603
40349
37832
38557
836094
900677
759778
42915
35661
43029
911666
36423
772086
41512
876110
867525
835651
41357
772148
911839
871977
772081
768532
39956
42297
42064
872055
775016
761121
42155
40103
41497
42124
39205
38245
43067
773878
42501
39034
760391
43877
759758
40768
40700
41137
36008
36166
42505
40397
769564
41303
775314
35897
775485
876098
36502
871361
42492
34374
876885
36237
769441
40521
41649
33851
911651
40540
835842
772319
39288
37138
34251
43705
38257
773637
40957
40614
40167
40164
43943
40930
39961
35155
35288
760515
42327
774802
40341
774733
779334
871318
769637
42220
40735
776667
42651
871389
780276
779094
43948
911667
911776
42969
40657
40265
36318
38636
43043
39666
773829
39648
39682
759298
42680
43719
773767
895421
774885
770494
43542
36606
35233
769233
38544
769509
779329
34459
43351
759808
776629
762145
35219
835567
761978
35982
851970
914079
911771
911737
871876
911548
871885
760754
911462
779403
40988
41514
35113
39615
35150
775670
35481
772422
755691
42086
39220
39003
38359
774932
35966
911674
911535
777122
38807
911648
37702
43143
35045
914119
43430
768529
895461
759764
43015
871528
871360
773616
37574
41954
835766
760785
759561
40518
911824
40388
40056
835618
769439
41328
38504
35417
872100
768188
43042
911675
38092
759669
836248
45567
41910
40845
39790
872030
35427
43130
768573
42954
777535
835532
35637
43174
42698
40462
759637
41316
776973
40931
33894
43996
41414
41739
38328
779038
35768
875985
43036
40019
895602
911363
34905
911575
37669
35541
895447
894466
39448
894465
36692
768552
42139
36295
895417
768189
37509
37186
36720
33875
43144
761240
41678
42432
777170
45407
755611
773832
36675
775084
42880
42761
39091
768438
40580
911672
38913
768418
768480
895533
768638
921600
871818
40946
43841
895329
871709
877255
38740
42868
40682
40277
761967
45561
41724
767923
853177
39300
871940
38528
41486
42477
39089
36182
922116
871667
836030
895581
42842
760801
39111
759822
40379
45603
774951
871959
876919
36139
887072
40915
911609
768639
43937
38465
36800
768585
41817
43253
42107
759517
772041
38284
772244
900625
38815
42561
759729
835893
42238
35360
39530
38724
34996
43816
772381
895353
921586
776854
768613
759638
42441
40947
40040
39614
895379
768190
760594
878978
41332
772484
911695
911407
895646
772395
39896
39672
835684
34751
38315
878842
41650
921593
38404
35301
38499
876926
835672
42353
776867
37719
34549
35688
42580
878926
38190
921587
911372
773735
773702
768385
43170
871334
38941
35501
43633
774789
42963
45658
779399
38665
36453
777106
775106
769535
768233
768316
41482
768222
879012
773734
760403
768656
41359
768380
40605
40207
40655
40206
776822
34381
42364
43497
911502
836089
871921
772366
42620
775732
857692
776114
771958
762258
776948
772049
835862
38752
41630
34660
911701
41788
41613
776805
35114
43643
760442
759456
776162
769522
43332
835542
769427
871416
34869
42886
38859
763417
759634
38792
871364
37280
38803
38604
872837
773644
35732
34753
835855
35462
39657
759745
42867
44056
41796
39909
774744
835559
769493
911696
40496
45555
779375
871822
761334
39505
835982
39312
835648
38214
37554
911395
36594
772402
879003
895634
759404
871676
37621
857654
39134
38551
41534
871803
39246
42835
38055
871807
871455
34489
40469
871849
41570
911409
775062
768276
35456
835849
33988
41369
40626
34223
772234
768193
36035
34981
42889
762138
37943
43461
39360
34818
40198
761464
759577
38208
35579
38870
35070
42333
34476
876962
34824
42015
34468
34809
43949
41460
38330
871570
35665
43708
37667
768439
761517
40011
911748
34955
876047
33939
36148
911792
777061
40611
876918
895343
42834
38791
894318
38077
42710
42624
38921
43955
871349
42367
34743
773749
760276
835904
35135
39045
38425
36543
36386
872083
877077
38144
37632
835637
871948
871257
761514
759312
835720
34827
42518
39763
877068
34011
900469
40572
36348
769489
36668
759461
772194
768156
772010
911388
895575
775709
895582
38145
42163
776889
37538
42854
38418
35710
835728
39388
39025
871942
37724
773857
773738
871348
760034
42832
895406
871894
759681
45487
895642
38115
761362
900666
895617
759524
37839
894459
773722
768954
38519
39368
39294
911513
760425
37938
776866
42719
835453
773792
40705
38800
45406
774939
768217
42819
36267
44046
41012
877105
871753
768956
40884
40219
40083
40216
38825
35841
37386
769496
776966
42090
42592
847328
39428
836090
895352
835828
835337
775423
775416
775313
775258
774979
774937
774724
767490
768426
768198
877135
777053
42579
38078
43431
768952
776141
775906
773820
34615
43234
871297
857716
871470
872008
768266
768191
768167
34412
781646
38164
42714
871953
775044
872117
42962
38332
871472
759252
42003
759410
40149
44542
43027
871919
776828
773845
42605
911601
895578
872078
39635
776965
40255
43425
41610
768630
43058
773843
759323
45512
775190
39145
871984
39617
759636
39515
38884
38832
38799
835566
38209
835711
877044
871310
34764
762210
835540
42797
35429
38741
39234
871870
38587
35058
871791
871751
835554
772222
769418
768509
40697
43126
41197
760438
775745
775586
775399
774966
774903
775596
775308
775228
775173
775059
774780
775373
775113
774882
760347
39249
36999
38907
42436
42763
39271
895561
895504
772434
835748
34704
768331
911784
34155
769581
773724
768634
835914
895553
42622
872134
43892
768611
768561
895462
43723
759883
894442
762144
871488
40651
835369
35748
39337
871560
42718
35194
772518
768245
760466
772368
776735
39850
773822
40018
760395
43312
42022
760344
39655
776986
877074
37159
41777
33929
35009
43152
35291
921460
853180
871625
42980
45489
38651
39864
777239
38855
772340
35686
42414
45466
38577
39671
777134
769227
42210
42162
35563
39908
42747
43178
33926
35054
835448
871668
770846
760397
41566
42288
35814
33924
876125
911604
760385
759565
43934
762233
776879
39256
876097
768571
40544
34249
41364
41037
39493
38713
775807
42161
42691
877042
36345
755616
42793
39753
43844
43745
763505
35388
871559
35217
911681
41057
40607
45414
768343
768536
768505
768310
40583
38581
895937
769555
777181
759523
43206
39739
772856
39639
871918
759514
771996
43166
42361
895508
876929
775240
42610
40591
776909
769261
42905
43532
775615
759574
43148
876978
36779
38641
836420
38280
42949
42807
34427
38939
871759
38622
876161
38488
911438
773865
43090
39464
760668
43942
42697
40177
37941
760539
39968
41365
40173
911616
895621
895458
871781
871724
34161
894333
41040
37673
35019
36058
42194
42816
836079
39447
835769
835934
911414
40571
39280
38169
34680
41754
42695
761405
43163
40639
872473
40309
42648
38900
772193
768261
911397
835685
776969
769424
39472
42514
769263
835996
40594
45553
45329
37777
43728
777072
38994
857719
40187
777036
759387
38224
769604
876067
760802
760528
760491
760525
886995
760851
760498
769491
40891
43127
36592
43179
911658
777062
39169
41106
41033
40413
39866
772009
41038
40647
37199
40905
895609
872137
43804
768351
768253
38775
768247
768210
42775
768203
35231
835865
35105
38657
876967
39910
895549
37836
774749
760453
40918
39936
768427
36201
775170
762198
775746
774841
39678
772924
43056
768180
895414
871968
835373
776707
761708
759400
759682
895622
835913
759284
43357
871800
773690
895663
42532
34646
768528
38495
37939
758165
37763
42774
871096
422857
775312
43953
38646
835616
38472
768522
42373
41559
41436
39738
911829
42757
761526
760873
38516
775808
876781
43961
43710
761368
40288
41120
38043
34891
878990
42824
42643
911335
36630
911756
895552
895453
772098
760393
759763
40230
39947
39837
36995
877079
871879
837396
894437
774797
43013
835738
776628
911810
34093
43401
37782
38687
33950
43923
877092
878880
877054
43359
895478
38655
768388
39522
775442
760447
39110
768524
781700
38051
42806
900652
895392
871564
835338
775045
878982
40372
773765
775148
760451
760401
34473
39583
42871
867537
877078
42787
777550
776979
759847
775723
775625
775392
775335
775321
775249
774933
876873
776910
38674
40361
38272
36294
36021
35375
39330
35458
34820
35603
35025
34819
42291
43994
35988
34565
762129
39792
37642
835437
35590
762214
42900
43022
35218
35734
37163
37185
37441
40048
42853
894383
879004
37749
34791
871167
43397
759508
43757
43720
877227
42877
871742
42983
774683
775327
35698
769603
42482
761505
760630
35589
775527
774848
762203
39744
776949
42033
871988
777127
775477
34725
37930
43537
40273
877115
835825
39434
777037
42662
835837
871629
847326
772364
35049
871330
775465
775020
760798
38789
37769
40952
36030
776212
768344
779022
40928
36587
773827
773742
38849
41683
41581
755872
768445
835456
871604
778569
39044
773834
760627
34152
775730
760448
760224
43742
34534
39941
836424
38931
35981
37723
760396
895630
37830
42455
773795
895585
768200
45500
775310
835900
835891
877080
761254
45434
43894
877066
772276
42396
43772
836422
775647
775563
769557
872097
34293
871966
777325
34086
777686
773884
43123
775410
40788
34127
42890
759438
871817
38479
42713
877220
772295
876951
40205
45125
39669
759445
43957
768397
769541
876980
35478
877049
836050
770104
41031
39600
42278
42881
35664
760434
34290
876192
43236
39028
42801
895372
42796
36154
41670
40978
40903
40142
38889
759371
40426
877211
40839
40578
40907
871648
35475
38174
43386
871726
38964
36268
43837
757228
39699
39963
760610
773794
761997
39794
871844
40554
43436
761453
871400
835859
42365
35680
34817
40887
776934
37927
871150
773790
43991
42408
42334
39554
39235
39229
38490
38446
38248
36678
36561
35927
34347
34285
34005
40300
38851
43177
35907
34076
835771
759432
771074
42097
835737
876990
776183
34479
773805
835655
422384
772921
872093
41020
921613
39865
768179
759823
871222
37443
775150
39415
42997
759386
776670
39347
39097
39488
876148
768589
42732
772552
41687
40160
43788
43973
41226
41665
876126
41850
41621
41556
40465
40448
40244
760247
43724
42627
769875
776860
768581
760603
768199
775920
36647
775412
768500
45014
43363
43287
38833
777146
38736
872073
776859
38882
777270
871740
36122
43791
36362
769645
911412
911671
911785
34224
778427
777038
759807
41612
41475
40829
41255
40254
38658
39965
775879
759639
895431
768221
40860
763507
37780
40225
39861
41025
40573
40102
40732
40621
41029
40306
40033
895396
45595
775967
39469
871864
763395
759566
876136
41872
43021
871506
768603
871415
871471
42637
34807
772505
772451
42205
772352
772349
772251
876139
871682
871679
43093
35974
43726
768394
760392
42660
38422
33953
43205
911445
42459
768157
769837
38287
42972
39621
777109
38384
769829
835617
42422
775576
759640
775978
768209
835740
775722
39725
37815
35730
878973
36086
38893
38496
872006
775810
45656
895477
35457
42833
37513
835815
35272
835863
36499
35376
41039
40585
40157
43701
835704
41917
41073
876987
774861
876937
37183
39742
42141
38978
34914
777255
857713
40104
37715
871962
777149
40217
773778
835744
761707
34438
34064
35960
42999
762750
37892
911830
760488
43329
871784
871608
776929
772533
38536
35961
35504
37949
775627
775605
761279
775171
42956
43190
872079
42025
872038
42984
43733
776972
36443
777371
39455
835820
768411
34194
39031
36642
877190
35386
34535
760299
41826
40194
778564
763407
895568
35148
38597
41835
35812
34632
773773
38268
835909
773789
39027
876142
38804
40111
900665
769592
835767
39390
895666
911690
871674
38729
38661
42465
35881
38424
773758
776025
876160
871643
40176
40086
40595
760383
911812
774840
877198
39170
775371
38141
872141
43702
38482
776041
876775
38883
38289
45526
41800
759635
40308
761987
760435
835660
40393
872044
768251
42360
38019
43244
857714
37975
40843
38102
871882
835903
775079
776022
34026
42029
43525
41480
38378
35518
38770
871932
871715
775202
759394
776951
39637
38981
38511
42133
42517
887059
41767
40625
39970
39190
760384
836032
37850
36196
38031
36401
759845
38848
775839
775792
775697
768556
43317
835821
42743
34308
34861
768437
42583
39697
759854
772511
41397
760554
34031
38457
43085
760429
42882
772252
768383
39966
911521
872108
775472
769264
835574
41053
41008
42114
39043
775566
38171
36593
43498
759759
42615
39314
772858
759806
769539
39213
775950
769977
42383
39478
760775
42564
773803
38172
35906
43094
760411
760474
40227
760505
42758
768659
871223
872024
42630
878971
42846
36623
759500
42227
43766
872178
777153
43609
42808
871925
39363
762124
768202
34507
775025
871619
40444
42849
769585
43667
40297
38432
760497
872463
40999
772205
35876
35705
35094
35089
34368
768545
43371
871899
772285
772237
42619
38307
769807
38376
871707
41182
871638
776568
774771
768337
876950
40484
40172
39644
760388
38069
871848
39245
41470
768262
768194
42075
911693
39778
41541
42390
768504
871571
895416
895475
39282
759381
762207
911582
35810
776974
43582
42771
44998
775637
775291
775104
775050
774685
41058
42285
776795
775468
871480
36169
38182
911525
776894
37645
772199
857545
35586
872102
762316
37921
39483
38866
43063
38074
37519
37666
773825
769526
43330
42869
763496
39166
871699
900660
36062
34643
42597
763554
40979
776858
42350
43398
776019
36061
42601
775475
43394
43572
39453
42158
35459
871451
42676
38975
876143
871232
835657
776985
34107
39607
34659
776848
42435
39541
872007
760553
871795
772290
911809
871703
769843
911788
37776
42599
41950
42356
759706
768527
42474
768471
43887
37909
39773
877039
40204
38693
877046
895588
774983
38806
762182
774946
37575
756402
760569
43187
761473
877089
42440
40870
761356
760423
763340
895594
759580
41503
778469
761389
35965
878983
36715
780681
42102
775611
895514
879008
775742
775523
871750
759444
872076
38630
872133
34304
775804
768341
43293
42891
38945
768691
39815
43443
759881
768441
43319
42978
769956
39197
777054
41205
768226
37863
43756
911762
773810
761478
772183
37798
43648
34378
912898
836340
835875
41667
43146
871763
775241
42427
911508
759266
38124
43522
43005
42142
772282
760414
41928
35318
895480
42884
759760
38525
36247
35824
34749
38774
835876
776862
43006
895579
42635
42519
772281
871731
38156
872098
41468
761540
838331
761416
871867
42942
43506
872187
42511
876954
776078
871963
43779
43716
775051
776851
759442
768403
43266
772542
40604
39119
38302
40545
40002
34742
41309
41725
41247
756175
42908
39215
45458
871958
34262
42528
768609
42270
775212
761468
40579
777187
43326
772375
39674
35474
759714
871842
41266
40914
41582
42397
40105
895470
872126
768951
759826
39597
763998
42616
38421
760635
761536
44050
39981
42410
768327
779417
772435
777158
42751
769577
871902
43039
835833
42874
777169
42617
38901
911692
895641
772425
41676
40977
36907
43037
39520
872135
777277
42425
773824
871357
43802
895277
912894
759256
35472
41592
39383
35826
775570
872042
872092
42872
871701
759583
911702
871960
43628
871884
39063
38123
871957
835786
911653
42910
36510
40044
769430
895629
774930
775280
775819
42493
760475
42489
41090
835758
41464
835708
836075
35313
921582
760037
42750
39064
761051
871190
34160
775338
759910
772162
768487
40074
871783
42912
40675
40522
42170
39204
41561
872066
39911
35021
38887
871943
775649
35036
872052
776103
36138
775803
776978
772549
41199
40714
775864
774938
768666
34199
43243
39277
759762
768192
877082
879010
774325
773883
759848
759710
39430
38185
41980
42286
772453
772411
34068
507503
760641
42577
43519
36566
34678
42420
40076
40589
36758
769582
33984
774897
777186
871627
39268
773819
35510
758350
772862
871410
42894
39096
777193
871612
760792
760473
760681
871890
39890
871284
911801
872033
41024
35470
776857
40351
34893
36641
41943
772442
35746
42913
773801
43366
41956
40798
33864
895613
775626
761278
43514
772289
43016
872051
769533
38026
37657
760470
768313
755908
41042
43298
776864
41814
871584
835598
42478
871522
40701
39579
777057
762285
43685
35290
38309
35516
35336
38648
39650
38047
40050
38813
39933
39253
759451
38153
835795
911836
43797
42537
911093
871782
42392
34133
37726
36045
768451
38391
837536
42789
38560
38294
772302
776080
761904
43032
759766
922127
40386
877418
836027
43666
43617
872041
768374
38111
38264
41028
36467
38477
760538
42701
35663
35486
876977
773847
36839
36621
43239
900642
39883
41489
38030
777048
36494
40610
895454
911774
42549
42742
759397
775667
761944
34985
39757
911769
761342
761557
768336
35750
45439
777133
37775
36491
37699
838230
35926
762826
43563
772415
43470
43729
768303
768461
39873
43727
43862
40058
36371
42354
43829
34282
33928
35585
776216
40498
768407
38364
769486
911757
35537
895344
759779
835581
768550
775993
38222
781715
760398
43285
775908
43764
871136
42466
772228
42375
39179
39150
760499
871476
911645
41243
877163
42873
33901
41183
777130
36496
38140
776332
768349
35096
41572
763512
43433
43875
41354
35311
43024
911379
761516
872088
43396
871321
39544
39503
39423
39262
38349
38263
36184
36006
35365
34553
768402
41662
43077
35808
895428
776167
895637
36527
768462
872518
872047
43281
777131
41987
39182
38450
755863
768535
41125
34547
37686
42117
34120
921591
871623
871593
871551
871458
43793
773821
776649
42037
768450
757195
776959
911848
45417
37384
775401
759705
34825
836033
768415
773873
871373
34135
775069
777139
36576
876144
37757
769483
877204
38690
40229
760836
911561
41068
39613
871904
895570
37652
38506
42454
43774
38470
760420
39164
39334
835931
877427
872089
768228
33826
911813
772087
772487
771975
43520
760294
871901
768572
774327
41757
38436
41827
43839
38292
42159
40480
772339
37570
772107
774883
760502
41605
34266
39404
775759
775778
42866
40911
38350
42744
772304
42550
759903
775712
43551
772481
772305
835947
36454
769414
876162
759443
42221
879014
769925
42850
40494
776977
776812
38922
38000
37518
42993
38366
36397
44462
911700
43558
853092
769436
40208
761467
42475
37804
775272
43153
768608
40565
38558
37854
37571
36648
36137
762269
35059
34804
34503
42843
911680
41080
871916
40046
42542
34973
775714
37732
40880
835813
871989
871278
871089
41159
776417
34386
871788
35678
39281
760564
40148
872031
37914
36555
40490
36160
43914
43310
41591
41412
769442
36719
760510
41893
41634
41476
40269
759449
42759
777099
43341
35997
42226
776792
35702
872012
37997
42945
43567
775302
37816
39640
776020
39548
38920
39226
775203
38542
41218
37508
37120
40809
42053
43240
836426
761048
34255
34149
776983
776262
761496
776861
45601
37846
39988
39980
761455
772855
35624
872140
43967
871980
41027
776105
42656
895565
772275
43408
911617
34558
34796
836372
775976
45657
835864
835894
38625
42076
759303
42857
775940
35668
768657
871910
39726
871736
759446
36224
36213
775941
772337
760854
43781
759562
43968
36153
871622
761403
877086
911752
40097
878981
45453
879021
40431
39733
41495
35267
36659
35437
40917
770876
37926
877380
776939
776567
43300
769921
877182
40222
43494
34707
43746
40656
39897
40652
41010
43940
40650
40343
39959
39895
43348
39748
37840
34004
39870
38738
41921
775589
761504
911706
872037
44228
43635
777246
43512
42944
760512
757569
43279
38820
45596
779435
36515
779328
42066
768584
34933
768176
775140
39228
43747
775364
41046
37959
42069
34761
772436
42907
759627
42121
35145
775526
763495
776865
43540
776190
775591
44243
44009
777154
42304
895638
775849
759277
911657
911612
760459
911610
759704
773784
36475
777042
872175
42838
43518
42665
768395
773881
40342
39954
895665
42825
36171
38413
871929
35959
774879
39454
34993
775754
39997
895550
772347
775599
769979
761392
772291
43429
35875
775831
40327
43669
761050
775397
761502
37734
768632
761979
40358
911744
43173
42862
41193
768533
768342
42975
760853
759222
40848
35894
35308
772500
774948
774987
776672
911777
773844
40429
43001
775538
41096
42859
774387
759755
769942
774674
772517
761561
43830
35357
775324
36620
34203
40948
40801
43438
41551
41511
41376
39938
41201
41092
38329
40753
775673
38236
772914
37908
768315
761407
768213
768186
768184
40837
37014
43012
42120
780522
872094
34495
38374
39812
777175
34972
911694
871969
877075
894073
871974
836037
775783
760763
41538
41434
41433
41035
40910
38121
40406
39634
37675
36436
34227
38423
762747
775876
775138
42338
871773
761041
40724
39017
776762
760758
760516
41540
41173
40313
36038
36022
774891
38049
43851
775316
774692
38669
876135
775303
760578
760535
40648
39900
34566
774965
38623
42805
39185
760494
36599
35526
775726
41011
895590
871761
772537
763484
760863
760607
760565
760458
41883
41836
41774
41579
38895
41533
41445
41394
41392
41372
41301
41262
41258
41142
41139
40874
40466
40054
39889
39160
38984
36906
36199
42600
41401
42649
36514
42325
761541
40053
34287
33996
760503
837362
776048
40959
835916
772445
41787
41419
41384
41382
41269
41007
40165
35874
40186
775958
772918
772266
43098
895577
39247
768296
776856
41691
34952
760419
40828
43857
39000
36624
38131
42206
40041
768687
761586
37743
772215
38559
762507
41695
40497
39843
43340
38199
37162
895415
877256
41884
40740
41439
41105
775946
43806
871739
40861
876163
876146
772490
39452
44011
759818
38382
759499
775932
41353
836244
35324
835912
37947
911583
871664
871590
38629
835626
776102
776035
41578
43331
42330
39578
39419
39379
39309
39224
38760
38688
38611
38607
38392
35463
35422
35399
39860
35029
34821
34682
34563
34508
777125
42764
42554
761881
768321
760584
43855
895282
35098
34612
34025
759506
773823
43759
42860
835654
38809
760574
760504
760496
760495
43273
41267
760431
41853
37612
761818
871346
770448
40221
768577
911710
40602
40106
41599
42378
40070
759393
39168
43778
759280
41675
43738
34142
38267
42529
759585
41441
42351
768600
759501
37976
775893
775253
42122
42039
42038
35904
911808
35471
35268
34759
34279
43291
38103
41752
43971
40865
40781
43132
761747
41253
871766
40460
34544
768530
773748
41607
775100
42479
36051
775462
761589
759761
760254
773874
769833
768684
772396
43664
872090
775716
35085
39276
41949
42446
895495
911803
776832
38695
43189
39862
37588
42933
773879
759802
39879
40423
41907
37718
37697
776912
43464
35794
42863
773875
778849
42681
761380
777196
34429
43415
773887
43809
777245
43751
777247
43834
37692
40099
42943
43709
777152
37758
41742
911314
837457
43593
42794
755860
42525
872070
768546
42448
776810
760140
37873
871814
762241
43324
43477
39884
40094
36282
43578
760859
41892
41216
775053
38837
775491
895485
40202
40461
760941
35695
35662
774994
761456
41234
41113
40831
39769
41406
41095
39842
775073
35259
34452
40712
40100
769659
39380
43480
38095
42164
775518
760489
772418
871819
876118
40618
760439
39971
776058
39531
39611
768594
38909
38796
777163
42450
36283
772301
911709
43180
41820
38002
39784
39695
36055
761706
35158
41726
42001
775362
41229
42005
760415
36660
911778
38089
760624
759316
39308
768566
38891
38197
42289
41375
40853
39876
38970
34296
772556
39958
43828
37811
43860
760467
761399
37979
835796
773799
43555
41263
38435
41178
41064
872576
760707
43442
895300
767491
775710
768641
40045
775088
775486
40912
836428
45027
43508
42897
772400
768429
38761
34136
877114
761512
781719
43086
774922
911796
41366
40703
41147
41082
41456
41192
41484
895451
871171
40183
769621
768340
38700
43099
760663
871971
775279
774847
774962
760501
40577
39979
772459
872172
43792
43360
760412
836193
34951
41946
34630
41721
39789
871512
41214
775933
835565
776705
772114
762196
768453
34192
773870
772428
40574
768713
768623
768699
40982
911826
43306
755737
768169
911827
40443
776925
41947
40298
759730
36915
43365
42290
36626
34182
43761
835725
38500
36585
756089
768644
37784
43925
871985
35453
40464
40945
773811
775281
772051
40876
760745
760585
760537
40601
760507
760683
41318
41342
871922
41032
34926
777189
777156
35298
43915
40623
877069
775535
43962
760781
39830
895536
37728
760449
39929
769639
40569
775461
43407
40136
760455
763487
871573
34464
775152
775668
775555
774807
769632
773804
872058
877059
772550
772488
760921
760445
40869
40671
40079
39364
37912
34198
775112
769638
42275
36493
41469
872082
39263
760942
41132
40531
40459
42892
40095
40619
34261
768534
768531
768653
33923
38063
40161
41163
911791
835817
39717
35271
911600
761109
776816
39152
43672
41373
41707
41327
40113
835423
911682
43571
877019
836002
39547
40919
42653
776552
41110
871687
40514
760629
872132
777533
34750
41886
40474
39303
776960
772443
35396
35670
39604
39357
871956
877233
763878
776771
768586
40670
760422
755655
38819
41308
38765
43847
41126
40824
40834
775945
777267
38976
38385
41797
41453
872103
769554
876156
37714
895342
43463
39318
835798
835854
775653
36994
760408
762235
776027
772353
836307
35455
43736
775795
40706
836388
38104
37712
773839
759675
39473
776906
876015
40822
40736
40184
38872
39432
42613
772372
37648
768162
777555
773897
40362
34577
39894
777165
38170
34153
779383
877106
37615
768618
40943
776708
772213
759680
876953
760518
759709
39690
759391
40731
42614
40171
40805
41254
768517
876141
775865
38045
43377
769578
777089
43334
42728
40980
38779
763269
38119
772523
772279
760479
760552
40122
41573
44227
43883
768205
37961
35385
770631
762110
37831
38937
772543
760500
43550
43995
835857
36492
41885
768153
42481
38591
775511
775378
775007
774909
775855
774857
39835
40719
42339
773885
40360
768548
34310
34008
760796
769601
37772
774949
911828
872005
40061
40004
41912
41891
41635
41295
41191
41832
41631
41474
775157
911800
760454
911820
42671
41771
895644
768428
42898
775595
33903
34924
879006
43018
872120
871821
775583
760632
755934
41277
40563
38858
38377
40344
40028
41136
34419
895567
776935
768702
760436
41748
769949
760461
43490
42911
37653
40617
39827
36065
41377
42947
768207
38138
38005
41298
760433
40144
836022
768360
37535
775622
775478
775672
40290
34748
42844
39817
777051
777128
761994
39225
38842
42295
759821
40049
40178
38129
40794
777121
39320
37654
768590
774947
41919
41488
43694
40939
776501
842580
876167
772143
40775
35642
42784
41935
872025
39403
761215
43534
777059
41248
772224
43771
35133
35189
43713
45015
42822
775222
34907
38650
38503
41569
34442
36588
39927
772916
872182
42938
36391
43325
768220
42476
43078
768219
759392
37643
40755
40009
775827
38032
768240
36901
878984
775121
755937
871513
40882
40152
43927
43739
34134
36664
777004
37956
43276
759370
36542
42494
759880
39012
776185
768171
768460
768173
40226
775758
774858
772927
41358
34533
39719
42370
836163
39788
38745
36170
42924
775901
777254
34708
41606
38238
768405
41502
911806
872136
775633
43799
41112
41104
43722
39831
760721
836143
36304
879001
43516
35321
42870
35460
877112
39565
37934
871613
872036
40566
40749
836150
776521
770039
34542
768754
41324
40162
36433
760295
768275
768607
768574
39127
40555
761710
43644
34173
772367
772278
876127
41124
877102
42960
875991
41410
41059
38845
38793
760862
38971
42430
43283
761542
768409
37916
760441
762634
35992
877219
37797
760572
41734
836541
768617
40430
36903
759504
835844
41047
38054
39987
40109
775289
41421
871642
43993
39078
36579
768175
41360
835724
41868
37755
45498
43044
40570
768740
40586
39236
43755
38697
871712
768483
43987
39147
768668
777102
35791
41438
41413
40894
40871
40263
40189
38411
760582
34681
760296
772504
40223
877222
761479
40325
33863
34180
40200
39952
760685
760593
34932
760386
34291
42487
774680
760573
770032
41450
768606
38367
760520
38007
35215
38009
43417
35181
772313
871944
41542
760255
772925
41679
772298
40780
39978
768715
35887
760490
42515
871840
37996
35607
42795
871945
45670
43296
760764
775026
872144
40428
876130
34103
895635
43111
776975
34383
42811
911720
45502
759846
774985
35306
835987
760579
760577
768323
41515
35289
871828
35594
761507
762573
775983
42790
38919
777060
40001
37286
36840
36974
36913
36717
37184
41746
36914
760744
872067
41415
41317
40389
41431
41088
41315
41461
41396
41851
41130
41087
40873
777132
40085
41282
41280
40816
41454
41102
872469
871824
775057
877257
42499
775215
761438
772427
43420
39366
42507
759674
43335
40942
40916
40644
40635
42663
35320
772529
836503
775881
41355
41760
41875
41830
761381
39853
38856
872029
41160
775837
772288
39340
43706
768463
40568
42557
38093
775250
768737
38996
37738
776305
42442
40218
837514
36234
871928
38203
780550
39356
774898
43826
39466
777561
37684
39313
768598
871628
41804
763427
775517
40852
40155
772545
768583
43488
43888
41531
43864
871308
36902
40169
43422
762671
39919
775251
40744
768605
40092
43290
759827
41737
42376
779439
42403
36497
39214
39814
835736
43868
774768
34177
872072
838184
872148
835669
38213
760953
38925
38286
835568
35843
878988
35236
35274
34137
871911
41690
34210
35225
38304
871816
35764
835683
761448
755683
40209
40251
872085
43711
760567
760660
760483
760620
760628
760631
760591
760566
760657
760837
760644
760788
36567
760634
760517
38342
760713
41593
35701
835986
760891
760437
761817
872105
41351
838187
40352
37862
768688
835974
38326
40515
41611
775636
775177
775379
760493
39131
41348
760446
43796
777586
41331
38204
43610
769037
836504
36474
756195
43714
35439
760974
760937
760908
760894
41368
36150
41671
40513
876173
43297
41505
760561
760900
877379
760524
760457
760406
38480
835911
772378
40559
772421
772413
761968
40156
41055
911835
775322
772399
37560
911691
835944
760621
38458
759369
36380
760530
41589
40815
872018
43680
39325
44003
911845
43583
763489
35601
776907
42707
34376
38885
34306
877083
39355
35880
36180
774912
35972
776209
38128
34375
40224
41555
41319
777321
775034
35700
35578
42526
871594
35655
772409
40384
777256
33982
43917
35515
760841
776897
775218
775691
836471
871780
876194
36020
836371
760588
835538
41584
41426
40326
836078
768714
41663
772346
38932
836337
776885
768654
41843
768705
768597
768443
772507
43707
40396
757534
762670
768678
44053
871947
911819
34268
40773
39526
768216
43316
911838
781697
43199
40689
776067
37598
39367
43400
871900
40785
35531
760914
871372
761395
895625
836035
41270
41273
772499
45598
40500
40039
871220
777126
40688
760945
40212
40489
775645
772883
761546
40536
34241
872080
42215
40752
41837
34497
34179
36167
34581
773759
42214
760555
40683
777123
39880
772369
43556
34239
41215
40637
38890
35111
40820
760583
41925
41170
760915
42143
41462
40248
44945
41043
43322
41487
34236
768224
35292
41100
40890
776636
35924
876149
778936
872056
36643
774795
40998
763326
835794
772495
39413
36244
39705
911727
39149
777391
41708
761993
41321
41231
40096
40062
34228
34237
41772
772506
41616
760532
769622
40179
39327
35878
773856
759380
43718
760300
768696
34151
760511
42778
777088
41876
41604
777056
41918
43349
772420
759568
34209
761393
41307
40549
769920
41407
42941
38823
43355
776722
769104
43945
40272
42791
41432
39683
36302
760749
760608
41931
41209
37896
34242
772510
42496
761515
40281
41133
40920
40548
773880
41537
41272
41881
768772
34606
42780
759731
760614
760476
777562
43404
43122
40616
43960
776418
35503
760944
41403
42865
768364
42906
40717
41685
40630
40312
41052
762240
775071
37851
760852
760844
760843
760726
760468
41781
41517
40677
39995
37329
37136
36909
36778
762300
41816
761382
759322
759434
877091
35211
836170
768227
37790
760413
758279
776769
773809
778892
40463
40220
40710
836280
776938
769553
872043
40704
42852
38057
872020
761451
42930
871972
42827
42951
775344
41496
755657
36155
768663
36546
41759
39260
40387
40941
776448
34812
35061
776036
42920
36665
39667
756409
39574
36910
876155
40716
35389
39871
760529
38073
34465
42299
41977
760803
835937
42274
871452
43624
774145
40556
40368
760560
41506
37867
39723
911772
40191
37608
768502
38827
36118
41094
777199
38052
835827
38923
41473
43760
36564
41478
41508
37548
41862
43203
40851
41874
41498
41175
40258
40027
41900
43600
43213
41608
775889
40115
40868
40356
42631
42798
42273
35749
35602
39957
41285
774144
41063
41107
41256
776411
760835
776899
34214
43196
45158
42855
777594
777403
41122
760888
760868
757210
760847
43789
773888
41669
43374
777399
777253
42247
38242
36628
43858
41811
38942
40846
774870
40180
760922
33995
759708
44245
777564
44248
775764
40751
775149
38116
34420
39266
41805
34609
43402
43614
773862
760875
43835
41162
42666
41233
39532
769510
761860
42453
43455
35448
36841
45474
43725
43410
43663
35484
776144
40727
40636
35983
43911
43241
876122
41023
37558
768547
38980
761040
34148
761598
836057
872096
768703
40412
43743
43533
38387
772571
772564
768739
41299
41078
836273
40756
777045
38279
838188
768660
761032
35677
38568
43782
40654
768559
41645
41343
41172
40440
35100
771954
39290
775904
772403
39996
41204
37634
40733
37847
34231
877194
37767
43547
769980
41002
43548
911843
39638
43216
37687
773793
36049
872149
760549
41526
35775
835871
35055
34867
39167
760872
762474
34593
43517
776466
776807
872059
769589
39838
38908
768674
773671
777331
37988
43390
45494
43416
43773
760808
761587
768953
37965
772423
43419
767489
872075
38707
835975
836132
772140
40667
40990
42946
41743
36159
772406
774799
847380
40195
34948
42470
36627
39269
760927
41240
41224
37802
875842
43289
35312
871933
40696
45460
43748
34484
43682
41284
37907
42119
768612
36015
40447
775139
43645
35910
39955
772401
43785
40991
43629
41400
37882
871820
40237
872466
40909
757169
41222
41548
777740
41587
872142
761866
769630
42940
43859
43758
767511
42020
768673
772551
871811
37601
34053
35330
38122
887128
41083
43619
34020
43964
836316
40892
772563
760562
41580
41471
39887
34235
760622
760920
40527
41363
41109
38936
763514
507436
33933
37794
36181
35653
37958
37870
37708
37604
37591
37528
37524
36498
36014
761966
761560
761537
761452
42335
39375
39365
38243
38056
38004
37677
37540
37530
36218
36056
35600
35454
35444
35377
34982
34687
34302
836568
776800
40197
43936
41677
760246
44521
37879
43775
760880
44713
40633
762294
774326
876151
40299
772407
759670
43620
41044
911740
39546
872034
835972
40471
36060
911833
40055
43817
760273
36152
35110
768165
43890
39949
760275
768692
762744
39437
41546
877215
39558
43820
768588
777148
761844
38068
40691
768669
769824
42471
43393
38147
34288
38072
39859
776200
34185
39875
39857
43637
40486
769511
34265
772424
40135
760618
773876
761042
34260
34771
34258
43413
41684
40051
35500
41225
42861
40280
759570
34380
773840
768741
835649
38314
35605
34057
38322
34808
38142
40564
43965
777265
835784
777386
760480
43530
43842
41898
41155
39261
40686
760694
760534
760523
760514
760513
41568
40842
835392
775153
755862
38595
776928
760590
777009
40348
836412
40262
42639
836039
40754
43559
42460
773899
777058
768672
42463
42817
43584
39039
39881
40064
42485
871789
43510
34254
40168
40726
39886
872838
759571
43353
871920
778954
38160
40634
777150
45599
34868
38515
756730
36208
772354
836137
35132
43665
775275
771443
39361
39934
35581
36301
759803
760394
35908
43579
761969
38513
37577
876117
36385
42916
38080
760416
43856
42337
40603
37972
36568
761047
761991
40201
35450
44241
39670
759673
45548
35656
34768
871946
39605
876215
773818
39374
39162
38698
36584
36384
35793
41813
42502
40940
36245
777320
36246
43462
38397
34631
43469
40937
39826
35609
40557
38649
34183
39191
35270
33899
768399
760506
40487
36047
761965
43580
43456
43267
760409
38529
41904
43737
775585
775345
34923
835544
772553
760605
40833
40529
40495
760421
761501
42831
772429
41311
777167
42792
43378
43515
775167
872185
873071
43552
836211
872040
43445
40468
35108
41344
33930
41698
872138
761249
871794
43211
42644
41857
645513
768551
39551
876171
772527
44008
760570
760481
760786
760609
760293
872174
871912
43807
43536
762952
770810
777542
768362
35576
43221
760274
776609
40238
838207
771683
39540
37807
40523
36389
43507
776942
43553
35991
848727
778320
777769
773208
43823
37549
43426
40123
43344
762868
38556
39285
772452
877072
40841
768720
38110
38567
877316
775715
760811
760575
777191
34170
777545
40377
41286
38058
778314
41390
40596
38003
775124
761544
35303
42115
876170
876208
35583
41391
775092
37600
760589
40203
763697
34207
40257
34498
760345
760805
41595
760586
38062
38087
768665
40369
760432
41655
41089
43627
760787
835991
760867
38341
43566
772513
772430
757724
876181
35837
770600
773770
41444
772433
43459
760861
911742
773854
761558
772480
760936
43321
43787
768681
777050
36210
911844
42047
41617
777370
761439
42510
770512
760943
769919
43223
41079
836216
34009
836092
43454
777278
772359
42261
876957
36240
43064
34894
772501
760761
40357
40060
776922
760558
38838
38759
41544
41176
41539
43704
872049
43486
42023
43524
37813
43320
40319
777248
40284
771970
38084
835999
836416
836109
836067
835890
41154
41184
39780
34554
762713
41758
38924
43577
38383
35599
38605
35737
45415
763494
41602
837400
41312
775780
769647
871858
41180
836520
40117
43364
836098
40889
768753
777266
45547
41688
34962
35790
40994
760559
760901
877093
768686
38566
40784
40562
41856
40118
836088
777047
761398
36025
40681
43944
34195
34154
34747
36600
34986
36081
767569
43573
768709
41336
43895
41093
836013
40082
872081
41206
43546
871515
760794
41929
40296
40718
873111
760440
41108
43434
41692
40782
40400
34159
40838
40304
768742
777260
41731
40256
40317
40315
43215
776883
836004
777377
836161
876836
776260
36370
42887
40561
776115
38195
40034
875361
775943
37966
776668
37893
40472
37901
872027
756371
41097
835998
35056
41870
871568
43485
37646
871387
760855
772397
836249
761934
38734
43985
43786
41763
768507
850627
40000
39832
36577
877258
40415
41779
37507
36908
761584
39825
36607
42508
43910
40929
43194
40215
835362
38066
34334
836529
40475
41801
38416
772440
772455
769636
37664
35641
34956
34218
43381
42464
41504
768701
768722
43539
757315
43406
40071
34654
41264
40812
761564
768710
41879
40390
40856
43831
775295
43521
768671
39591
41245
760527
42646
777575
878158
41666
872171
772574
768491
42678
40154
872028
45456
42896
42298
34193
34822
36718
768958
45443
768679
41866
769620
34196
40613
772535
41786
775287
41379
35485
43275
34720
775951
38926
835951
40804
40422
40021
42366
760038
836401
768746
768734
768730
768649
768642
768614
768575
776523
36319
40739
41798
43471
41279
41780
41916
777151
34164
760850
34234
41276
760417
40692
39527
40547
40373
36416
42937
37444
43852
38244
39962
772559
768147
38918
40141
761597
776023
41404
41294
41536
40321
41227
40127
45459
37630
835924
38386
760766
768412
42903
44773
777324
43475
42279
45229
836049
768396
777044
34197
37918
39950
760874
40643
876186
38198
760935
872143
871295
38634
760793
776341
835773
762247
36209
35584
40741
35482
42232
772539
39912
40166
38041
41784
39855
41003
35582
43207
43882
771953
760949
43608
37761
38100
768661
37607
39948
38048
36158
759447
35638
760790
39928
34617
34629
34618
35989
761035
41653
36412
38569
757432
39756
34611
43715
760215
41520
40199
34892
34467
775930
775910
41387
37596
871830
34505
38449
772519
40808
41417
41181
41553
772857
34158
40779
835838
34033
35606
41750
37911
872166
762886
37937
777389
755721
40758
41069
34206
40411
836320
39270
39004
37768
34871
34719
45132
41402
41408
35112
37631
43850
41158
45197
41847
43754
38127
772540
40398
760639
772496
43646
41744
38006
43813
34077
40653
34385
35622
34166
41525
877041
40374
39973
41455
760759
43867
43601
40259
40593
41936
43598
43554
760722
760214
775905
42902
36151
760946
911768
41070
40329
756236
767984
760557
760682
760905
43272
760706
37581
43545
42516
776229
836304
36669
756412
43827
760898
37440
41842
877104
38135
777240
761033
40338
759732
43452
35817
39462
35625
43814
836220
43450
760637
41116
40380
40289
34238
34208
34191
43822
41932
41374
773866
43590
43392
777190
35863
40575
40307
39844
43458
43304
36512
38879
43428
43171
34216
42019
43295
40047
35099
762863
762757
38428
43836
43562
776076
836488
836066
40765
41148
768652
761038
41513
759734
34230
768904
760465
877254
44549
40235
41831
773849
756063
877119
760035
37981
760730
836370
836260
43318
837419
777244
760809
41091
41841
34603
836531
44240
768900
757744
34240
34233
34205
34168
35979
45225
39662
35265
43483
34470
35269
34983
42472
36597
37848
43197
43819
41345
778870
43783
35299
761937
768711
41447
760869
36646
43846
43863
43843
40742
41481
777043
35115
34927
42694
768635
41718
768651
34246
34167
760612
34175
34176
34202
37950
40311
41071
42280
775986
836519
836387
836296
836289
835897
773867
33918
760810
41516
777569
42809
768662
759801
41821
777257
37616
34220
41101
775694
36661
40318
777243
39891
41217
40795
40031
43879
43113
43986
43998
760757
871465
777590
772546
768538
41756
761499
40421
40301
34953
34564
34189
38977
41507
37760
871950
39238
39058
40241
34773
836172
775968
41018
37594
39534
761404
772567
871975
871999
41115
760735
768650
40252
768697
835763
836269
773894
760806
40813
760939
41213
40528
760884
761599
760770
836367
836366
836335
41783
836176
836195
836365
43523
41259
41952
41894
41846
41755
41705
41564
41378
41236
41194
41138
40488
40120
41446
768719
761640
40330
37647
836142
40375
37837
873110
777581
41145
761538
762483
43382
40328
34221
760327
40063
35447
778377
40821
36580
41448
40383
41812
772414
41700
41196
41694
921836
34608
772398
41651
40499
38311
40066
40279
39575
761843
776887
38283
34679
36048
40823
41873
38430
38237
43668
37281
40707
41854
39153
40679
41791
43328
42658
35792
37729
42641
37843
760840
40676
34156
43861
41065
768728
36214
43969
40236
39026
41741
40024
41624
44256
40190
40747
41778
38860
836007
768166
43369
43870
41563
41185
768139
40089
41141
41074
43338
772380
40600
38670
760860
38234
37739
42277
40666
777177
41268
40913
871605
772494
872002
43869
872101
761941
41393
39376
34147
769981
34762
41575
43597
768750
35889
776871
41261
41237
42249
41490
40543
37902
872471
40363
41819
39885
768620
778111
768776
760858
34307
43387
40862
41425
43765
39555
39902
38565
37970
41793
40253
34243
43616
43982
36057
40778
37809
43769
760390
41293
41111
41807
41134
35104
835930
763005
40286
872054
35339
761527
41242
40193
777748
42473
43865
43749
39768
37874
760452
772514
40802
39172
775949
836321
45457
39994
41871
778813
756055
756444
39893
39841
41729
41753
871338
40728
760484
41371
38912
42200
37773
40622
43405
34204
43897
41334
36471
37284
40709
37711
41648
871566
836327
776170
774350
42140
760762
774034
42272
41794
38546
45593
43356
43693
42045
761472
35532
37563
836308
41067
40442
41535
35872
772522
760893
761806
41740
45124
42036
762663
39834
41597
836313
43124
34245
43509
768542
757262
755859
40708
34219
41869
768655
43688
35361
36001
40335
43638
39848
36911
41727
43795
772534
35418
776457
760970
41081
42559
35909
35293
37818
36912
41738
41576
40125
759396
42893
761786
41934
41494
41458
39369
34165
34605
871860
40530
36099
761250
40068
41596
38927
39760
40003
41810
40234
40478
773859
41349
40008
44049
779155
781914
769830
41887
41519
763751
761115
768667
40722
41944
37602
768621
43481
836048
33955
37967
37799
42823
41906
40493
37904
38486
40814
41762
40847
836168
43876
761022
37611
775408
776099
768957
45026
41289
43909
38694
40567
41022
836251
42925
39070
876182
778373
35130
43989
40750
41322
41381
43615
763877
38459
776476
873072
775888
43647
776010
39602
40477
37613
768725
43972
41246
43885
776963
772565
761462
43640
871714
872116
772568
45573
760443
37539
835968
760904
39998
757762
40233
39752
38042
871768
38403
40786
44229
872186
36694
42096
772865
34226
34217
871823
40608
761031
760959
760463
43479
42821
41717
42804
40416
35928
768706
41709
760665
43898
43636
42204
37952
756445
836096
770840
38106
44522
43595
43880
41664
38714
34501
34496
34493
41440
836182
772486
760773
39969
37764
34418
41659
760839
43472
38580
761043
43447
39598
41465
34171
39328
39292
760606
760772
36012
42156
760892
836548
755936
41706
38136
768677
39836
41701
760865
760741
40196
836357
39874
836179
41339
40006
37855
724419
41922
41000
836322
38684
41187
37727
836435
836205
37683
34264
41528
40806
40550
761119
41775
35103
41219
43278
761320
43946
768694
43564
36082
34705
836147
34201
39856
43352
35859
43466
41802
871994
762308
40278
39545
769883
37928
772538
762827
35836
836516
768675
43460
760424
760444
38109
41903
41712
35839
38180
38334
36500
40093
41545
836342
41422
44071
872162
40407
760717
778439
760968
40271
757533
40404
34178
43451
38035
836374
38086
773852
877064
39783
40007
770481
34588
34259
41232
36013
42276
41370
760804
35770
41493
760958
760931
41195
40793
35652
35095
777272
768610
41652
44244
770100
41084
693253
35580
760956
40479
43651
42756
835666
35538
767514
43815
40020
38215
37614
877071
772930
36235
41895
34150
41443
37678
836228
33989
760871
43671
760938
43468
38060
768664
836188
760909
40642
776950
768717
768685
768729
768693
768726
836331
35952
760297
836521
836444
37789
836047
760896
34157
41867
776781
43662
40811
40810
40553
43250
756296
761002
836227
41131
41207
876193
41305
34594
768936
760700
41672
41926
760864
760718
43557
41127
836360
777160
35543
836279
43337
44673
34211
760556
40077
34169
35931
39248
836484
41941
40766
760346
836303
41019
41146
38950
770929
836024
34303
43612
43776
39339
761406
43941
768707
39700
39184
41586
762811
760993
45462
761446
871809
873610
37585
35351
43874
34247
40065
39696
759448
44943
43631
836419
836339
836329
37765
761935
41420
40078
41614
39828
40163
877084
769478
40748
34610
772560
40418
37835
39916
768748
43342
768745
777098
35771
762748
43449
761785
778392
36603
41914
41824
41030
41911
41492
36284
836224
42803
41523
41383
38608
37954
40933
35445
836359
34162
44647
888022
872124
37649
836364
41350
40247
760885
39849
778666
38527
877067
835976
872060
38460
35026
40436
755618
776913
759395
772390
41128
40760
768506
871991
40378
37639
41833
43274
38467
43605
39593
34937
772528
836332
40598
43732
836274
37913
760950
37592
760879
836148
36315
773463
40088
872577
41728
762239
34232
43893
40827
40059
43268
39457
41626
41442
768747
761036
41641
37898
768695
34215
760929
760926
760715
40409
43504
872099
40674
777129
41532
40482
45649
37865
43650
836159
836547
836338
836314
836283
835955
835941
836392
836262
836139
836036
836496
836472
836087
836363
836219
836000
836417
836354
836317
836295
837394
836464
836208
836121
835923
40835
39727
40316
34382
41878
35134
772524
37770
40275
41860
40437
760994
759900
35835
40767
41340
40081
41452
40738
40124
34213
34244
872086
40249
777166
41955
43591
36550
42437
768708
768700
762672
762819
36016
37676
41200
835848
836258
41275
40022
43527
762452
768602
38637
836526
35608
836240
872161
36011
41924
42480
44157
42661
43721
38252
40818
42301
37550
755965
41657
43602
38375
41075
40433
35316
756414
769866
40558
772509
43375
37953
43444
43311
755750
39463
45572
40693
43576
43345
773848
37595
773896
43448
43696
41271
41815
774457
768670
44061
836072
37960
758580
836053
768803
40881
40354
35107
768683
41283
40026
41939
37721
41716
40532
768716
39878
768676
40883
759850
41521
35255
40854
770811
836514
760911
41704
39914
40687
37891
768731
34187
41300
38079
42067
836402
871815
768682
41072
40997
769595
41385
38514
36605
761025
39668
43476
769948
774968
761044
35131
45505
45418
41765
41622
43478
35772
757285
35932
41198
41287
35487
41320
43495
836112
40534
41457
40684
37872
836323
41923
41571
43301
756143
760912
34499
37685
772541
43493
35747
757147
43277
37514
761204
41212
761992
836478
43467
36161
41451
755736
835812
38961
43808
770829
43632
42329
760910
835847
41161
43599
41518
42265
39459
768743
760732
38126
41424
875359
37679
835892
40849
38247
34190
42099
43611
759819
41703
836064
836306
778354
777280
836198
37589
35891
877242
771032
41543
41636
760924
43372
777563
41693
836128
38824
773863
39833
43484
836129
35106
37680
40268
38059
41715
41719
38902
836151
761039
40410
871683
41880
42079
36320
835858
38576
37529
37582
43762
40370
772515
761938
41310
34587
760916
44520
41325
43984
872121
38015
760951
43586
835984
40417
836358
760960
768449
36562
836136
773826
835872
36427
39755
41629
768568
40405
35498
774651
34934
40337
755861
43659
41252
41749
41220
777179
761030
40886
40381
40713
40783
40119
836391
41398
41361
36625
39872
40723
760902
760955
43625
38139
40524
40538
41186
836349
38967
38125
836123
40743
772516
41732
768127
777259
757223
43581
761588
41203
45455
836052
39939
40746
760963
760940
40695
37593
40250
37681
836210
836031
38880
42095
836038
41764
761440
836294
776900
41845
35519
836267
43391
37552
41644
34225
836003
877416
40904
41803
41938
41574
836164
40690
35497
760928
835927
40525
41558
40025
38183
836127
40116
40864
760903
757604
38008
772512
43354
776777
774033
760948
43446
761116
41930
41296
41337
836229
41066
775973
38850
778520
760952
776302
41367
36280
40424
40981
40114
40270
41249
37788
836438
41838
35544
37635
34474
38456
39847
836171
772061
836456
836086
35929
776528
41913
836397
836355
37985
37660
41326
761120
38107
760889
755967
757612
38001
38022
835921
761026
36147
835935
836029
755720
872064
40546
40879
40067
776759
878682
836200
836235
836264
836310
763996
836479
36249
40836
836442
35545
836266
836309
762738
41825
776318
836362
37605
37659
38134
37527
35469
756142
656178
37562
37662
760877
777157
43698
882379
41149
756074
41920
768604
836165
41179
43947
43699
871939
37856
761029
41640
41547
40075
836106
836325
41654
760976
41647
40867
41915
760890
34186
41423
37523
836146
38046
36431
40355
37791
835949
40797
768751
41171
43956
772934
836060
835922
37973
41951
836508
36157
41522
39999
836012
41751
40761
40711
40830
39267
41769
38368
37599
35834
36046
35838
43323
760897
39845
40875
43191
41235
41937
40467
40537
41338
41335
41861
37525
836108
760343
768771
768724
41620
34966
836375
836059
42976
41770
41945
38473
836534
777395
777046
836352
37885
38025
37546
37547
35540
41362
872061
34649
772521
836518
836223
36570
40441
836065
41208
761212
37661
40850
776541
835946
772503
761027
41388
41416
835969
40668
35666
836051
36413
836020
41567
35813
43871
40314
872836
40764
36456
768744
836174
769038
43683
41766
40112
760934
760878
40452
35102
45224
42331
39851
40796
836196
41004
45133
761028
40774
37658
776475
39590
37974
836319
848275
875254
40382
45461
38685
761277
836105
835980
776808
40391
769884
34257
43950
767924
836284
761034
37713
41260
40669
42287
41747
35373
37899
43853
835926
37536
836071
41288
43983
760964
41890
760957
40857
836104
760846
36050
836252
836297
35788
836312
41291
34491
768025
40526
41792
45117
43284
41389
760907
41661
773882
836238
34500
761545
39779
836356
757593
877253
836550
40425
41449
37808
34604
756380
836023
41699
42250
835776
756298
836552
45183
760870
40599
41882
760848
43978
43482
761211
761012
41689
36428
40803
41909
41174
760856
836386
35483
41789
37746
836008
37583
38108
877260
836157
760933
755739
35378
43453
41477
37935
37933
37838
37722
37707
37636
37590
37564
37545
836203
41633
38090
871965
38344
34488
760925
760849
836144
836130
44705
836152
761023
761021
836162
41858
756356
836480
38105
761045
43653
38085
836005
836265
41467
43872
758061
761117
836336
877217
761214
768148
35789
43204
35149
836446
836418
836384
836368
836361
836351
836318
836301
836300
836138
836135
836126
836116
836081
43660
41274
757603
38120
761247
760932
41660
760906
836468
836212
760036
41210
761213
37597
776467
760895
777794
36640
836192
41785
836385
836353
41927
835973
41623
836167
836250
37886
38027
34805
41077
760899
37603
836134
37986
37706
39180
853197
41905
770771
43881
872188
756405
35604
836498
872163
34592
40029
34589
769978
835853
836523
38081
757522
35635
777183
776790
42246
39338
37709
40367
761024
41720
761037
43980
44000
880762
770033
34613
37606
782076
884110
836070
39915
40080
34614
43886
835979
767513
34545
37869
760389
37792
41585
38050
37637
42491
40995
762264
34487
37883
836469
38024
755857
845877
34384
37710
34492
40242
778663
44239
43095
757196
40420
872062
34486
777549
34599
43913
43661
37871
836305
43912
756306
38137
758867
836439
38133
37853
34485
41557
883678
39901
41244
36644
37852
45651
761940
761417
40435
779170
757601
45191
773519
869088
755706
37537
757617
773513
911584
911288
911156
911103
895393
895368
877026
869869
857546
835629
780268
779216
779204
774732
773725
773709
769166
763321
762150
762128
762117
759185
45396
42268
42073
39675
35802
35550
35428
34888
34786
34638
34574
911296
876982
835447
779320
775145
774720
769246
45349
45254
39218
39123
37924
37795
36674
36275
35920
35918
35806
35804
34777
34774
34713
33831
876905
781587
781561
775359
775353
775309
775214
774873
762164
762126
762115
45343
42063
38590
38337
37638
35922
35758
35432
34576
34130
911818
876908
781696
780250
775708
775564
775514
775022
769417
763398
42260
42059
39586
35765
911342
894384
877142
876912
835625
835401
781556
775867
775506
774682
769236
769217
769172
45402
45332
42007
911402
835406
779310
775191
774783
772906
769223
45389
847255
775929
775199
775195
45467
36652
33840
847286
835446
835331
781662
775482
775125
774907
769144
759174
36404
911491
911390
878837
781679
775761
775311
775274
775075
774689
42309
38586
35957
835399
835340
781575
781557
775735
775194
769221
763347
759258
759217
759216
45336
45298
38273
36670
35528
35032
911486
911366
911321
895382
895326
871553
780256
775613
775243
773611
769775
763415
763253
759273
759221
36279
36070
911719
877008
857558
775594
775543
775384
775263
773653
770856
769792
769179
763302
45306
39584
38277
35634
911580
895299
895259
779282
775290
775129
775095
759362
759173
39633
34800
911474
911344
895312
894107
877016
775874
775184
774884
759219
41123
40960
36096
911556
853089
775521
775068
770871
45511
45351
39930
36363
895301
871508
857535
781599
40963
911704
895474
895422
894324
781648
779303
779237
775678
772901
763368
761466
37793
35557
911477
911340
895436
888056
877029
857541
853162
779180
774711
774708
773768
773763
772062
762088
759352
39629
35620
35530
911419
903810
900512
894381
871695
857551
775537
775356
774686
35618
911396
911259
903828
903812
895408
876892
876863
857638
857576
857549
857542
857517
779202
775533
775064
770855
763391
761486
761355
42103
39588
39498
38621
35694
34801
34709
33835
911581
911357
871505
853155
781668
775750
775704
775496
775301
773614
763279
763271
762111
39673
38339
36650
36437
36257
36255
36029
35948
35546
911487
911473
900536
894423
876975
857577
779241
773756
772909
772059
36689
35034
35030
34320
34317
900516
894411
775682
774971
762051
36164
35370
35368
35042
33822
900578
900473
895507
871565
779301
775597
775074
773647
773627
773535
45436
39677
36094
35756
34895
911358
900483
900479
895506
895294
894456
877022
781593
775010
774961
762065
762061
759237
45330
42112
41961
37875
37189
36637
36031
35631
35553
911588
911500
911408
911406
911189
894405
894179
871633
857524
847263
775772
775554
775510
775499
775425
775114
775027
773639
759271
759265
36444
35693
34897
34060
895315
894299
888052
886633
880189
877051
775770
775635
775448
775219
775094
774993
774860
773674
45356
45347
34062
894313
877130
876887
876852
869870
781667
781554
775748
775711
775134
774926
41983
36411
36337
894085
876940
781664
781654
779281
775588
775060
42006
40336
36259
35372
911504
911464
911446
911364
911265
903844
900493
886964
875975
775318
772188
762860
761370
45321
42009
37149
911598
911469
911456
911422
886612
876927
871632
857664
775696
775366
774963
773626
773613
762080
761461
45337
45319
39572
37786
37430
36441
35739
35152
35044
35040
34852
911558
911346
911139
911134
911131
900539
900515
895348
857630
857539
835469
781617
781544
775713
775548
775256
774923
774906
759235
42072
41985
37008
36439
35978
911343
911262
911252
894410
878871
781537
775797
775339
775031
774996
774880
772904
45334
34038
911150
911094
900524
877189
877160
781585
781546
775693
775606
775350
775265
774998
774782
773692
773658
772248
763244
42317
36409
35975
35955
35753
914082
911272
911137
895358
895349
894358
877138
875859
875855
857523
781566
775743
775731
775616
775494
775039
45341
45333
37457
36339
35755
914070
911734
911549
911538
911503
900521
886654
886614
886607
877006
876913
875976
857557
775859
775826
775536
773665
763296
45302
35617
35154
34040
914075
903806
900523
876923
876896
876866
869866
775744
775459
775052
761484
36407
35950
34783
911452
895466
894361
894347
886987
877125
779218
775409
775367
771985
763261
762843
42315
35632
35423
34899
914111
911569
911501
900468
871524
781602
775348
775319
774955
774743
774717
773527
762847
761476
759215
37075
36402
911607
895389
877210
877014
875846
857625
781538
779284
775351
774908
774896
773528
772907
772176
40989
37005
36688
36684
35760
34854
34785
911415
911326
911195
895418
895400
895374
894359
887031
886617
886609
779179
779176
775918
775736
775530
775340
775337
775292
775021
772047
763274
763258
761372
911559
895548
877123
869886
779187
775830
775520
775453
775395
775119
775093
774901
773679
772063
763328
761460
759229
911323
910994
895377
888059
886690
886656
877202
877183
875854
781543
781540
775036
774773
772191
770872
759223
45375
42319
36635
36406
34887
34843
900474
895496
880180
871738
871591
775227
775224
774995
773683
771986
45287
41981
37826
36614
36449
36162
34299
911147
911120
900550
900480
894454
779184
775896
775210
775183
775109
774900
773531
771949
763314
763305
763246
36451
34585
921409
911339
900569
900548
900471
895424
894417
894303
886943
886693
886632
877196
877181
877139
876891
875861
835479
777204
775185
775015
772149
763270
761419
45255
45252
40973
36335
34889
911399
894450
894402
886685
886641
876859
775875
773672
772060
763379
763275
761348
45374
45297
45253
40966
37704
34058
888055
779191
775516
774910
772262
45292
45273
42070
36447
35752
876909
775369
775268
775174
774972
774705
773526
772172
37004
35953
34856
34787
886691
886659
878867
877027
877010
876874
779212
775926
775916
775793
775623
775349
775255
775123
775096
774986
773525
771952
771948
36708
36639
895595
895456
895289
894447
894278
886672
886616
875967
779220
775639
775567
775372
775370
775201
775141
774990
774781
772184
763260
761329
761326
40745
37459
34839
781681
779189
775699
775539
775282
775254
775213
775165
775164
775023
774794
772040
763276
42074
40291
35946
911114
869893
779223
775776
775483
775443
775144
775043
775006
775005
774719
772012
763268
45300
888060
878895
876862
781542
779185
775834
775404
775402
775385
775336
775329
775277
775028
774849
772185
772058
772029
761335
40763
921388
895530
876901
876857
781576
781558
781548
781545
779231
775476
775471
775396
775334
775278
775211
775151
775011
763262
761347
45295
45294
37293
903868
877012
876877
847216
781581
775377
775376
774950
774790
762089
40974
34301
921396
911117
895331
895278
894271
775664
775285
775239
775160
775085
774921
773530
772033
763313
763249
45404
45299
45275
45271
40322
34297
911376
894168
878898
876920
875860
781580
781565
781550
775724
775654
775196
775133
775046
774775
773537
772283
771962
45290
45285
37193
36613
911121
877153
775885
775652
775641
775479
775460
775267
775137
774925
774868
774845
774779
772312
772173
761352
761341
45289
40702
40012
37822
37342
878932
876938
779097
775847
775829
775624
775600
775593
775383
775317
775296
775156
775105
775090
775070
773540
772198
771959
762107
762073
761400
37301
37188
36425
903857
895323
895268
835495
775590
775562
775072
775032
775013
775008
774887
774718
772357
772069
40503
894376
877158
877127
775866
775755
775634
775592
775331
775216
775200
772057
762845
762106
762071
761338
40972
37701
894289
894110
877146
876958
775728
775679
775509
775508
775262
775229
775220
775193
775117
772271
772102
772004
771978
762081
37824
37197
894108
888035
876858
869872
775886
775617
775519
775466
775286
775169
775154
775118
775014
772245
772231
772217
772187
761432
38040
880181
877023
875979
779093
775883
775760
775756
775658
775393
775352
775320
775269
775205
775189
775127
774999
774772
773533
771967
761425
41999
38097
36074
911104
903830
894082
877180
775938
775835
775631
775603
775542
775455
775333
775063
774984
774967
774859
774852
774731
774671
772338
772259
772139
762160
762055
761497
36705
894177
878881
877161
877128
877122
876886
876855
847259
775580
775525
775458
775413
775159
775091
775030
775012
774973
774941
772006
771955
771951
762143
43997
42147
40334
36313
35866
35740
35574
34014
903804
878883
877032
877007
775907
775771
775706
775587
775495
775355
775248
775181
775172
775155
775126
775102
775086
775047
775033
775001
774953
774942
774895
774851
761358
42254
35847
35741
34046
911201
911196
903848
877197
877030
877028
877005
876848
847201
775815
775749
775493
775474
775457
775456
775429
775368
775358
775347
775188
775135
775132
775049
775037
775024
774935
774914
772335
772055
772018
35852
34946
34531
911007
903846
894350
876942
876895
775774
775346
775089
775076
774943
774769
774736
772261
772147
762854
42057
41963
40791
37705
36952
36538
35561
34847
34730
911275
894321
894270
880179
876934
876845
869891
847195
775836
775757
775515
775176
774867
772042
762093
761328
37703
37231
37092
36722
36520
36378
36333
36308
35853
34627
34527
911460
911091
895317
895309
894134
876870
876860
876849
775561
775061
772235
771963
762079
37194
36519
36310
36178
35690
34829
888038
877159
876910
875964
772179
772078
772071
772065
40776
38098
37196
36956
36927
36332
34943
33852
911260
903818
877187
876889
869874
779030
38036
37453
37450
36701
36314
34528
34526
911380
911151
911128
896634
877152
876872
772166
772142
771972
762098
42148
42058
41996
39920
37192
37152
36516
36377
35993
35844
34727
33854
911291
911198
911090
772209
772204
772178
772159
772101
762159
762114
762112
762072
762070
762059
42146
36702
34864
34731
34729
911449
911325
911322
877017
869888
771998
771982
42144
41960
38094
38038
37783
37425
36704
36334
35848
35846
911186
911012
894389
878844
877045
876883
847222
772226
772216
772155
772021
772007
762175
762148
762099
762092
762078
762057
762052
762049
761333
37787
37077
37072
37068
36696
36610
36539
36537
36445
36179
35996
35689
35575
34866
34529
903817
894343
894260
894101
880182
876865
772254
772014
762171
762068
761343
761325
42054
38096
36706
35867
34862
34844
34830
34624
34043
911331
911330
911258
911149
910984
894427
878885
869868
847196
774770
772233
772054
772046
772030
771974
771965
762857
762149
762100
762083
762066
762063
762058
762053
761327
42056
41964
37456
37449
37400
37331
37292
37080
37065
36895
36739
36731
36712
36612
36422
36375
36175
36071
35687
35573
34947
34848
34532
34047
34018
34017
33814
911817
911122
878847
877156
876851
772214
772189
772053
772032
772031
772011
762103
762054
42255
37465
37460
37435
37399
37312
37242
37241
37190
37170
37124
37102
36971
36884
36855
36852
36837
36744
36426
36424
36309
36307
36305
36075
35691
35558
34828
34045
911382
911283
911192
911095
903851
903849
903805
903802
895284
894311
877040
877020
877009
876850
875974
875835
772264
772257
771997
771983
771960
762140
42251
37785
37497
37464
37452
37310
37251
37195
37121
37082
36891
36782
36711
36608
36535
36379
36330
36177
36073
35864
35851
34846
34626
34016
33810
911459
911392
911375
911187
911148
896645
894328
894102
878890
877184
877155
877148
877147
877136
847269
771968
762139
37469
37428
37419
37405
37364
37248
37247
37230
37220
37191
37158
37148
36966
36934
36893
36876
36860
36796
36703
35571
921405
911277
911008
903858
903816
895273
894382
894308
894281
894155
894146
894105
878888
878855
877165
877011
876871
876844
876843
869871
37451
37404
37378
37374
37338
37311
37304
37254
37250
37060
37034
37017
36929
36925
36709
36700
36699
36698
36697
911468
911386
911211
911190
911154
903822
894445
894429
894345
878893
878882
877179
877150
877145
877133
877132
877129
877121
876914
42000
37455
37434
37429
37426
37397
37343
37339
37327
37326
37291
37272
37144
37133
37131
37109
37061
36967
36944
36923
36857
36844
36713
34628
914109
911374
911124
911096
903839
903836
894273
894269
894081
878896
878859
877137
877134
876925
876906
876884
876875
876856
876853
847220
847218
847217
37431
37427
37363
37341
37336
37307
37243
37239
37225
37213
37150
37078
37062
37043
36938
36919
36892
36886
36885
36858
36846
36821
36803
36801
36799
36794
36793
36728
36710
922120
921389
921380
911125
911100
903803
895302
894418
894143
894078
878927
878840
876869
779019
37418
37398
37328
37323
37263
37246
37240
37221
37166
37141
37128
37114
37108
37074
37051
37037
36970
36920
36900
36861
36847
36805
36798
36753
921399
911472
911360
911317
911287
911264
911261
911210
911086
903813
896636
895362
895281
894451
894416
894377
894375
894315
894274
894175
894150
878916
878914
878891
878839
773541
37501
37476
37432
37424
37423
37417
37379
37377
37376
37359
37351
37330
37322
37321
37320
37305
37265
37255
37249
37205
37181
37113
37104
37103
37085
37067
37064
37059
37056
37053
37052
37047
37044
36958
36933
36894
36882
36856
36853
36851
36845
36835
36830
36818
36814
36795
36789
36770
36764
36743
36734
36721
36695
921386
914083
914071
911485
911476
911425
911365
911214
911191
911129
911118
903852
903825
903821
895366
894404
894369
894340
894127
878868
878856
847276
847219
847208
779031
773536
37504
37499
37466
37463
37422
37408
37406
37402
37388
37375
37370
37365
37361
37353
37344
37319
37318
37317
37313
37299
37290
37257
37256
37252
37244
37236
37147
37127
37125
37111
37101
37098
37097
37096
37083
37081
37070
37069
37063
37050
37042
37038
36993
36987
36972
36965
36964
36928
36924
36921
36918
36898
36889
36880
36878
36877
36854
36822
36811
36804
36784
36783
36781
36767
36746
36737
36729
921404
914073
914072
911545
911490
911450
911420
911403
911401
911389
911370
911367
911361
911333
911293
911285
911280
911286
911278
911269
911267
911249
911208
911200
911194
911136
911130
911126
911123
911119
911105
911017
911002
910997
910993
910986
903847
903820
896642
895314
895276
895275
894415
894394
894302
894151
878915
878889
878869
878854
847230
847221
37471
37467
37462
37454
37433
37420
37416
37415
37413
37412
37411
37407
37401
37391
37390
37381
37380
37373
37372
37369
37362
37360
37358
37355
37352
37346
37340
37335
37333
37325
37315
37306
37303
37298
37275
37268
37262
37253
37245
37234
37229
37228
37227
37206
37202
37200
37180
37179
37177
37174
37167
37165
37156
37155
37142
37140
37132
37130
37126
37122
37118
37117
37115
37112
37110
37094
37089
37088
37071
37058
37057
37049
37046
37045
37026
36977
36976
36968
36963
36960
36959
36957
36953
36947
36946
36939
36937
36926
36899
36897
36896
36890
36887
36874
36871
36868
36865
36864
36862
36850
36848
36828
36816
36810
36802
36792
36791
36788
36787
36786
36785
36774
36759
36747
36741
36738
36733
36732
36730
36724
36723
921397
911461
911413
911400
911385
911359
911328
911284
911279
911276
911256
911102
911087
910998
895293
895279
894468
894462
894439
894400
894387
894371
894319
894312
894266
894264
894262
894142
878960
878894
878892
878887
878864
878836
847197
37503
37500
37496
37491
37490
37488
37487
37485
37482
37468
37414
37410
37409
37403
37396
37395
37394
37392
37389
37371
37367
37366
37357
37356
37354
37350
37348
37347
37345
37337
37295
37278
37277
37273
37270
37267
37266
37264
37261
37260
37235
37233
37232
37226
37224
37223
37222
37219
37218
37215
37214
37212
37211
37210
37209
37208
37207
37204
37203
37201
37182
37178
37176
37175
37173
37172
37171
37169
37168
37164
37157
37153
37151
37146
37134
37129
37116
37107
37105
37100
37095
37093
37091
37090
37087
37084
37041
37036
37035
37032
37029
37027
37025
37024
37023
37021
37020
37019
37018
37016
36992
36991
36990
36989
36988
36986
36985
36984
36983
36982
36981
36980
36979
36978
36973
36969
36961
36954
36951
36949
36948
36945
36943
36941
36940
36936
36935
36875
36873
36870
36869
36866
36849
36838
36836
36834
36832
36831
36829
36827
36826
36825
36824
36823
36817
36815
36813
36812
36809
36808
36807
36797
36790
36777
36773
36772
36771
36769
36768
36766
36765
36762
36761
36760
36754
36751
36750
36749
36748
36745
36742
36735
36727
36726
36725
911506
911471
911356
911232
895387
895288
894452
894399
894398
894379
894373
894363
894352
894349
894344
894326
894309
894307
894304
894288
894285
894284
894275
894267
894174
894159
894158
894154
894121
894115
878918
878878
847264
847225
847205
37505
37498
37486
37484
37483
37480
37478
37475
37474
37473
37470
37393
37368
37302
37300
37274
37271
37269
37154
37143
37123
37033
36975
36962
36950
36942
36872
36867
36863
36859
36819
36776
36763
36752
36736
895346
895345
895332
895290
894464
894453
894444
894432
894426
894424
894422
894419
894393
894374
894370
894362
894341
37502
37495
37494
37492
37489
37481
37479
37477
37472
37276
37028
36955
894446
37022
36775
37106

