772008
914117
911710
911478
911327
894334
40133
878843
911546
921402
878835
921401
779029
875977
847292
847288
847286
878848
878841
772230
911454
911594
878963
911567
895568
895585
911499
911438
878862
878849
895435
875986
847229
847255
847233
903827
903829
847299
911405
762861
762853
762852
762850
903808
875982
903855
903854
903842
777203
762849
888027
911085
772045
768208
773542
921400
903841
895571
773546
773529
772010
772195
903835
911572
40504
772013
772180
772318
876019
772297
40402
911530
911253
911309
769806
777218
921382
773543
768468
875987
762858
895445
768267
895320
878931
768243
768225
768200
768178
40445
768156
894433
774722
876063
768196
895384
894412
888063
895287
835504
895472
895448
914112
895460
895322
878922
894141
894351
895411
894310
780258
894131
780252
835491
894144
894333
878920
869867
911653
878846
779034
894441
896654
878886
911562
911213
895370
41006
896648
911384
911215
895453
911394
772270
880193
895350
895330
895578
888031
894259
878907
40510
835402
896635
40993
911528
911483
911437
911514
768439
895546
871080
871753
911516
869887
880194
911721
878966
777215
895334
895511
772027
911701
847231
878879
768190
911529
878962
911391
911350
894467
878930
895421
777235
895415
878852
911132
869875
768472
895376
895364
894449
895482
876027
911488
878954
878913
911601
895613
895477
878897
914084
880178
878925
878884
895401
762855
878929
773549
895462
895391
895580
911404
896650
779024
895531
876040
777205
894407
895407
835485
878899
895426
911458
911398
911465
878928
911576
768239
911644
914114
895532
888057
895556
869873
773544
772077
771980
772238
895353
769783
772056
895581
911568
911440
869876
911749
895505
878877
895425
895373
771981
895510
895295
895335
878974
895544
911592
876042
911591
911138
914116
772229
911641
772208
895611
876038
911718
895337
895271
911759
911679
911509
871851
772016
895313
894392
878924
878923
895539
871743
895410
772064
878977
895375
871740
895468
878933
911093
896652
895541
895534
895319
911363
911571
895559
878911
878971
768177
772269
911409
894466
911345
894339
894322
911251
911685
39924
878969
895447
895476
768176
895344
895413
772145
911554
772192
894391
871800
895486
895327
895444
895459
768324
768209
911377
894386
895339
895463
895395
911599
911467
911378
768366
895579
911307
911423
894408
772118
772181
911412
40502
911678
895609
895392
878968
768230
894461
911823
911348
895533
895329
911744
911651
895454
871482
911815
895383
772236
911395
768522
911680
768232
