878970
879009
876018
875982
878848
875983
875977
875837
876072
878968
878913
879006
878884
878985
878962
878835
876034
878978
875980
878965
878924
876027
878905
878858
876109
876040
876019
878897
878975
875971
879008
878954
876021
879003
878843
878834
876133
878862
879012
878977
876016
878982
876177
878971
876030
878853
878963
876046
878849
878851
878995
879021
878969
876123
878929
879007
876100
878852
875863
878933
878993
878970
879009
878848
878968
878884
879008
876021
878985
878978
876040
878977
876018
876016
876109
875982
879007
876177
875837
875983
876127
876139
879003
876072
878913
875971
878981
879006
879012
878931
878849
878924
875981
878983
876133
878853
878928
878987
878858
878886
878851
878982
878974
878969
879014
876047
875977
878880
879010
878962
878834
878929
876028
876178
878843
876026
876100
878905
878852
876176
878992
879001
878988
878990
878835
878999
876144
876143
879018
879004
876166
876100
878989
876106
878991
878971
876030
876046
879021
876034
875980
878965
878980
878877
875987
876123
876110
878966
878907
878967
875863
878830
875969
876042
878984
876027
875864
878922
878930
878973
876019
879017
878975
878933
878923
878954
878911
878862
876141
878993
878846
876015
878926
879013
876121
878897
878963
878995
878925
876033