911087
911086
911017
911016
911008
911002
910993
878843
878852
876013
878970
879009
876018
875984
875853
876008
876034
875980
876096
876123
876025
875970
875977
875856
878835
878965
876027
876019
878975
878933
875982
875983
876072
879006
878962
878834
878929
876028
876026
875987
878848
875837
878913
878849
876066
876024
875863
875969
876042
878984
876014
876037
876036
876069
876099
876147
878930
878911
876141
878846
878968
878884
875971
878853
878851
878969
876100
876100
878967
878830
879008
876021
876133
878928
878886
878974
876176
879001
878990
876144
878985
876095
878924
878905
876137
878897
878963
878995
878925
876033
876094
876040
875981
879014
876047
879010
876143
878966
875864
878922
878978
878977
876016
879007
876139
878981
878931
876052
876166
876106
878858
876142
878954
878862
878993
876015
878926
879013
876138
876121
876109
878971
876030
876046
879021
878877
876110
878907
878923
876068
876177
876102
876124
878983
878987
876178
879004
878989
878991
876091
876127
876145
878880
878992
878988
878999
879018
878980
878973
879017
879003
879012
878982
875857
878934
876012
875861
876017
875845
878898
878871
876039
878895
878850
875846
878837
875976
875855
875843
878867
875979
875859
878881
875975
875854
878932
878883
875974
875967
875860
878847
878836
875964
878927
878893
878890
878882
878896
878891
878918
878888
878960
878869
878868
878859
878855
878854
878844
875835
878916
878915
878914
878894
878892
878889
878887
878885