895569
895412
894407
894086
896648
895363
895343
894364
895395
895373
895425
896654
895455
895590
896658
895641
895619
894386
894156
895430
895622
895445
895376
894259
894183
895575
895320
895561
895643
894283
894116
894322
894346
894165
894441
894351
895411
894433
895577
895666
894414
895457
895493
895416
895610
895570
895562
895459
895564
896650
895627
896635
895421
895447
895495
894318
894330
895285
895552
895512
895453
894368
895531
895551
895488
895417
895635
894310
895409
895594
895478
894466
895322
894106
895547
895556
894280
894182
895334
895664
895330
894141
895662
895536
894437
894276
895337
895472
895535
894314
895313
894083
895473
895652
895532
896657
895295
895629
895534
894306
895572
895555
895620
895486
894327
895617
895458
895340
895589
895608
895537
895407
895354
894449
896646
896652
895277
894095
895435
894166
895487
895540
895624
895665
895568
895539
895579
895329
895546
894178
895542
895462
895454
895319
895503
895448
895593
894412
895471
895451
894144
895428
895379
894392
895460
895553
895663
895344
895372
895380
895587
895646
895573
895511
895586
895353
895479
894457
895481
895626
895614
895591
895606
894383
895477
895452
895342
895404
895401
895558
895410
895605
895396
895631
895271
895630
894467
895350
894458
895433
895485
895470
895659
894339
895557
895559
895565
895414
895533
895364
895468
895633
895465
895541
895510
895504
895644
895580
895634
894333
895508
895464
895391
895651
895415
895544
895300
895612
894335
895636
895571
895383
895467
895296
895550
895638
895429
895375
895621
895602
895632
895628
894461
895461
895611
894408
894298
895406
896656
895576
895583
895505
895426
895370
895475
895509
895592
895489
895642
894131
895514
895560
895413
895483
894391
895513
894148
895604
895484
894463
894114
896655
895286
895588
895327
895402
894459
895603
895623
895431
894465
895618
895585
895444
894265
896651
895347
895563
895339
895463
895607
895335
895482
895613
895311
894354
895625
895582
895615
895476
895480
895609
895637
895282
894334
894430
895446
895287
895578
895427
895432
895574
895292
895549
895392
