894128
894164
894139
894086
894364
894183
894161
894137
894283
894116
894397
894140
894330
894106
894280
894182
894178
896649
895471
894144
895663
895452
895404
894163
895468
895541
895638
895621
895583
895569
895412
894407
896648
895343
894259
895320
894234
895411
894433
896635
894368
894310
894466
894327
894095
894166
895291
894290
894180
895321
895477
895324
894395
895414
895633
895461
895611
895642
894286
895449
895363
895395
895373
896654
894351
894071
894141
895572
895620
895617
895340
895608
895540
895372
895380
895614
894272
895465
895510
894298
895592
895489
894131
894463
895286
895588
895402
895619
894322
894346
896650
895334
895330
895534
896646
894392
895344
894383
894279
894181
895426
895370
895475
895509
894148
894114
895431
894147
894132
895339
895335
894354
895287
895427
895432
895292
894165
894441
894414
894318
895417
895409
895322
894437
895472
894083
895532
895295
895354
894449
896652
895277
894412
895451
895634
894333
895508
895464
895651
895300
895383
895560
895413
895483
894391
895447
895551
895635
895478
895337
894314
895435
895487
895454
895428
894431
895353
895342
895401
895410
895391
895544
894335
895296
895604
896655
894465
895444
896651
895563
894360
895311
895615
895476
895445
895376
895493
895416
895610
895570
895564
895556
895486
895458
895542
894438
894332
895379
895586
895479
894457
895626
895605
895396
895271
895644
895327
894459
895347
895607
895482
895625
895446
895575
895388
895386
895562
895627
895552
895313
895652
895407
895665
895539
895329
895546
895462
895319
895448
895350
894458
894254
895659
895559
895565
895415
894461
894408
895406
896656
895576
895505
895425
895561
894434
895459
895547
894331
895481
895558
894339
895533
895612
895571
895467
895514
895585
895385
895463
895613
895582
895480
895609
895637
895282
894334
894430
895578
895574
895549
895392
895455
896658
894386
895666
895285
895512
895453
895488
895594
894276
895535
895589
895537
895624
895460
895553
895587
895646
895573
895511
895606
895504
895580
895513
895484
895603
895623
895618
894265
895590
895643
895577
895421
895531
895473
896657
895629
894306
895555
895568
895579
895593
895591
895631
895630
894467
895433
895485
895470
895557
895364
895636
895550
895429
895375
895602
895632
895628
895641
894156
895430
895622
895457
895495
895664
895662
895536
895503
894287
894460
895338
894409
895420
894149
894301
894263
894113
895397
896640
894320
895369
894372
895506
894138
894261
895266
894255
895390
895274
894079
895469
894130
894323
894135
895351
894425
895494
894104
895336
896637
895490
894268
896644
896638
895422
895405
895298
894176
895259
894107
894440
894406
894384
894348
894413
894401
895584
895403
895356
895382
894380
895507
895393
895378
895318
895538
894456
894109
894099
895522
895357
895348
895341
895297
894442
894299
894443
895423
895394
894133
895359
894367
895474
895436
895368
895358
895299
895294
894436
894342
894152
894405
894134
894361
895466
895349
895317
895280
894447
894324
895595
895530
894423
894179
895389
894381
894313
894085
894080
895496
895315
894411
894350
894347
895548
895418
895408
894450
894402
894359
895371
895312
894454
895456
895400
895377
895374
895331
895326
895301
894282
895365
894358
894278
895289
895278
895268
894417
894303
895424
894410
894343
896634
894328
894168
894108
895323
895309
895273
894376
894308
894289
894281
894271
894260
894270
894110
894102
896636
894382
894345
894321
894288
894155
894101
895302
894451
894394
894315
894311
894082
894081
896645
896642
895314
895284
894400
894374
894371
894340
894302
894269
894143
894078
896639
895366
895288
895281
895279
894462
894446
894445
894439
894419
894418
894415
894404
894393
894379
894377
894375
894373
894369
894362
894352
894319
894312
894285
894274
894177
894175
894174
894158
894154
894151
894150
894146
894127
894121
894105
895387
895362
895346
895345
895332
895316
895293
895290
895276
895275
894468
894464
894453
894444
894432
894429
894427
894426
894424
894422
894416
894399
894398
894387
894385
894363
894349
894344
894341
894326
894309
894307
894304
894300
894284
894275
894273
894267
894266