911410
911692
911823
911815
911703
911548
911519
911483
911770
911078
910981
911266
911833
911116
911299
911478
911097
911529
911531
911362
911833
911116
911299
911478
911097
911529
911531
911362
911562
911309
911576
911213
911516
911092
911132
911465
911235
911749
911324
911765
911093
910985
911199
914113
911740
911568
911616
911489
911398
911319
910999
911234
911560
911728
911812
911521
911514
914114
914084
911695
911695
911646
911458
911393
911785
911686
911608
911791
911776
911541
911555
911641
911381
911809
911377
911726
911254
911594
911564
911567
911675
911671
911674
911371
911544
911394
911341
911301
911205
911813
911505
911676
914120
911711
911540
911861
911767
911764
911729
911553
911451
911795
911337
911757
911748
911520
911777
911215
911601
911530
911391
911659
911563
911725
911845
911411
911440
911731
911773
911488
911488
911307
911372
911653
911591
911312
911651
911668
911694
914117
911539
911585
914115
911611
911763
911384
911248
911669
911735
911397
911570
911826
911814
911715
911723
911508
911534
911085
911844
911345
911253
911217
911250
911758
914112
911353
911350
911146
911688
914116
914116
911404
911705
911831
911388
911537
911155
914085
911746
911138
911437
911378
911762
911536
911455
911577
911586
911507
911610
911528
911690
911418
911615
911414
911825
911527
911438
911605
911509
911716
911707
911409
911649
911575
911650
911412
911684
911554
911718
911502
911467
914119
911572
911710
911583
911557
911747
911827
911348
911678
911454
911327
911546
911423
911363
911499
911592
911657
911099
911709
911656
911808
911648
911525
911335
911251
911463
911589
911383
911722
911744
911743
911701
911349
911395
911741
911682
911667
911720
911721
911643
911696
911702
911644
911526
911640
911681
911677
911736
911693
911691
911687
911788
911666
911750
911680
911595
911685
911511
911828
914079
911599
911848
911732
911810
911658
911617
911772
911547
911796
911673
911724
911609
911829
911761
911571
911604
911582
911379
911614
911689
911820
911679
911803
911730
911841
911801
911824
911752
911551
911407
911600
911612
911799
911590
911737
911800
911778
911775
911727
911700
911792
911838
911672
911830
911802
911780
911405
911779
911533
911314
911837
911645
911805
911774
911759
911839
911806
911756
911836
911842
911793
911462
911550
911769
911819
911787
911843
911445
911840
911768
911794
911742
911832
911835
911706
911784
911771
911834
911738
911733
911320
911006
911497
911004
911532
911513
911561
911352
911512
911578
911153
911351
911204
911734
911321
911216
911207
911453
911308
911535
911717
911188
911355
911263
911587
911202
911447
914110
911271
911470
911366
911354
914111
911522
911288
911402
911220
911152
911665
911206
911270
911647
911457
911115
911219
911329
911708
911523
911421
911139
911103
911654
911015
911580
911574
911358
911344
911189
911818
911697
911606
911500
911477
911120
914082
911406
911390
911323
911300
911013
911664
911474
911419
911296
911257
911252
911156
914070
911475
911342
911340
911338
911336
911265
911559
911556
911473
911469
911584
911569
911504
911487
911272
911704
911503
911357
911259
911195
911150
911147
911134
911466
911422
911415
911408
911598
911558
911549
911486
911452
911446
911588
911581
911501
911456
911399
911364
911719
911491
911343
911339
911137
914075
911538
911396
911262
911607
911464
911346
911326
911131
911322
911360
911117
910994
911376
911196
911122
911007
911007
911375
911260
911151
911104
911380
911330
911198
911094
911091
911420
911331
911201
914071
911460
911382
911356
911315
911267
911187
911121
911392
911325
911187
911476
911374
911373
911291
911277
911275
911249
911197
911190
911148
911133
911095
911012
910997
914109
914083
914072
911485
911468
911459
911425
911413
911403
911389
911370
911283
911280
911279
911261
911194
911192
911191
911130
911124
910984
914073
911545
911472
911461
911449
911400
911365
911361
911359
911333
911293
911278
911208
911193
911186
911154
911149
911136
911129
911126
911119
911119
911118
911101
911100
911096
910998
910986
911506
911490
911471
911450
911401
911386
911385
911369
911368
911367
911328
911317
911316
911297
911287
911286
911285
911284
911276
911269
911264
911258
911256
911232
911214
911211
911210
911200
911125
911123
911105
911102
911090