911410
911692
911823
911815
911488
911253
911307
911690
911643
911615
911673
911696
911724
911700
911702
911609
911576
911695
911792
911768
911644
911829
911838
911526
911676
911213
911458
914120
911516
911703
911548
911132
911758
911465
914112
911414
911235
911825
911749
911527
911672
911765
911640
911711
911785
911540
911350
911794
911830
911438
911742
911802
911681
911093
911677
911686
911372
911767
911736
911608
911791
911764
911776
911541
911555
911454
911761
911641
911571
911604
911582
911653
911693
911379
911691
911146
911688
914116
911605
911327
911381
911546
911809
911423
910985
911780
911591
911363
911405
911519
911614
914113
911499
911779
911689
911740
911592
911820
911553
911509
911716
911795
911707
911377
911409
911726
911832
911649
911575
911254
911835
911651
911687
911594
911483
911788
911533
911657
914116
911099
911709
911404
911656
911705
911808
911757
911648
911748
911706
911520
911666
911777
911215
911601
911530
911391
911831
911659
911668
911568
911388
911694
911616
911489
914117
911784
911750
911679
911564
911803
911563
911567
911730
911770
911525
911841
911680
911398
911335
911771
911834
911251
911738
911463
911589
911314
911383
911675
911078
911537
911801
911595
911824
911725
911845
911411
911837
911440
911645
911731
911685
911511
911805
910999
911828
911774
914079
911234
911759
911560
911599
911839
911848
911806
911732
911810
911658
911617
911671
911773
914115
914085
911488
911722
911728
911756
911650
911836
911412
911684
911842
911772
911752
911746
911833
911812
911514
914114
911547
914084
911138
911611
911437
911378
911762
911796
911695
911793
911462
911455
911550
911769
911819
911787
911551
911843
911763
911407
911384
911600
911612
911799
911544
911394
911554
911718
911577
911744
911743
911701
911590
911349
911341
911737
911395
911502
911205
911478
911586
911800
911778
911445
911741
911840
911682
911467
914119
911667
911248
911572
911507
911610
911528
911720
911775
911721
911669
911710
911813
911583
911735
911397
911570
911826
911814
911529
911727
911557
911747
911827
911715
911723
911508
911348
911678
911531
911833
911478
911529
911531
911534
911085
911844
911345
911562
911309