927964
928027
928218
928038
928491
928355
928017
928006
928387
928026
928083
927991
928030
928045
928024
928351
928029
928076
928552
928328
928514
928051
928222
928196
928036
927981
928280
928242
928032
928199
928035
928398
928203
928186
928185
928019
928080
928205
928090
928468
928456
928377
928110
928295
928086
928472
928049
928084
928579
928568
928052
928392
928449
928516
928384
928540
928502
928407
928393
928283
928224
928538
928487
928465
928078
928141
927994
928174
928008
928286
928578
928313
928448
928608
928288
928561
928399
928368
928576
928318
928541
928372
928469
928419
928556
928114
928375
928037
928508
928005
928209
928043
927990
928523
928208
928635
928156
928297
928188
928048
928034
928041
928173
928144
928495
928100
928344
928221
928455
928271
928047
928382
928359
928255
928350
928181
928413
928366
928299
928270
928697
928437
928402
928410
928079
928591
928521
928266
928698
928610
928254
928625
928572
928409
928501
928268
928165
928551
928507
928525
928304
928453
928112
928518
928612
928421
928519
928388
928303
928197
928430
928554
928219
928441
928417
928042
928586
928571
928496
928326
928404
928239
928422
928383
928542
928543
928321
928397
928530
928657
928637
928560
928520
928473
928385
928475
928467
928559
928630
928244
928451
928474
928582
928587
928641
928432
928550
928548
928609
928438
928310
928433
928466
928701
928645
928246
928323
928564
928524
928536
928553
928305
928098
928325
928545
928211
928267
928260
928370
928613
928644
928555
928405
928529
928511
928636
928431
928484
928314
928307
928348
928085
928497
928273
928309
928411
928408
928547
928618
928581
928622
928666
928176
928616
928498
928605
928557
928539
928022
928462
928652
928461
928444
928606
928522
928695
928364
928489
928337
928642
928597
928459
928458
928386
928699
928603
928506
928594
928477
928435
928483
928617
928549
928480
928662
928624
928537
928434
928588
928170
928327
928585
928220
928445
928238
928651
928632
928593
928485
928655
928602
928420
928534
928623
928457
928589
928546
928510
928633
928649
928272
928493
928094
928558
928607
928504
928660
928626
928087
928505
928650
928569
928391
928580
928629
928488
928628
928562
928640
928598
928638
928614
928492
928503
928464
928565
928661
928654
928643
928600
928479
928631
928544
928595
928615
928563
928648
928601
928132
928604
928590
928584
928647
928659
928667
928656
928700
928573
928620
928658
928634
928517
928223
928140
928016
928292
928063
928353
928216
928275
928406
928356
928236
928429
928394
928162
927975
928339
928081
928167
928054
928403
928401
928352
928331
928101
928061
928363
928486
928463
928427
928250
928020
928494
928400
928367
928365
928342
928329
928232
928148
928345
928343
928379
928361
928357
928301
928293
928044
928317
928532
928322
928143
928347
928245
928039
928025
928154
928320
928088
928070
928354
928287
928454
928115
928050
928183
928338
928257
928177
928440
928424
928380
928346
928184
928103
928274
927977
928470
928436
928263
928241
928021
928133
927965
928298
928262
928212
928055
928452
928439
928425
928396
928332
928077
928500
928460
928349
928194
928694
928515
928471
928374
928200
928696
928423
928258
928192
928139
928065
928450
928004
928692
928294
928264
928163
928158
928031
927976
927974
928499
928362
928330
928233
928213
928137
928067
928109
928071
928130
928093
928446
928315
928118
928097
927987
927963
928235
928201
928160
928060
927986
927966
928395
928308
928276
928018
927979
927978
928282
928278
928277
928227
928171
928155
927968
928247
928226
928204
928058
928053
928046
928237
928195
928190
928147
928131
928127
928102
928074
928072
928040
927988
928443
928324
928311
928281
928279
928265
928231
928214
928164
928161
928151
928150
928146
928128
928116
928091
928069
928062
928023
927982
927972
927971
928690
928684
928683
928376
928371
928360
928341
928336
928333
928316
928296
928259
928251
928248
928243
928240
928234
928228
928217
928207
928206
928202
928191
928189
928178
928172
928166
928159
928152
928145
928136
928129
928126
928123
928122
928121
928119
928095
928089
928082
928068
928066
928064
928033