927964
928218
928502
928199
928038
928407
928556
928035
928491
928355
928359
928304
928255
928530
928006
928453
928387
928350
928564
928309
928524
928411
928458
928408
928536
928602
928640
928553
928305
928398
928598
928098
928638
928375
928325
928037
928614
928657
928508
928112
928209
928386
927991
928043
928547
928420
928030
928700
928534
928573
928523
928623
928457
928635
928637
928156
928618
928581
928203
928622
928492
928560
928589
928185
928545
928019
928080
928546
928211
928518
928205
928510
928267
928633
928260
928612
928468
928421
928519
928181
928388
928620
928666
928658
928520
928176
928634
928385
928559
928699
928370
928413
928456
928613
928270
928503
928697
928464
928437
928565
928649
928603
928644
928630
928555
928506
928594
928405
928529
928451
928477
928141
928435
928474
928297
927994
928402
928661
928188
928410
928272
928079
928377
928110
928511
928616
928636
928483
928174
928431
928498
928048
928008
928351
928654
928034
928029
928493
928643
928303
928591
928600
928197
928094
928521
928558
928479
928607
928266
928631
928698
928504
928086
928544
928660
928605
928626
928557
928041
928539
928578
928430
928552
928554
928144
928328
928448
928610
928608
928495
928514
928472
928582
928254
928617
928587
928625
928549
928572
928219
928441
928484
928595
928314
928641
928561
928307
928222
928022
928368
928550
928462
928409
928548
928501
928268
928417
928042
928165
928579
928348
928085
928652
928273
928615
928563
928551
928648
928586
928221
928455
928087
928505
928609
928036
928438
928310
928571
928576
928496
928650
928466
928318
928541
928271
928047
928372
928382
928701
928461
928326
928569
928601
928568
928132
928469
928604
928419
928645
928246
928444
928606
928404
928507
928391
928522
928695
928590
928516
928384
928540
928239
928580
928525
928629
928488
928584
928628
928647
928562
928659
928667
928656
928422
928480
928364
928662
928489
928624
928537
928434
928588
928170
928383
928542
928327
928585
928220
928445
928337
928238
928642
928651
928632
928543
928321
928397
928597
928593
928485
928655
928459
