759220
886949
35250
759261
35230
35229
35199
759262
35186
886642
921444
35245
921513
886650
35204
35238
35233
35180
921435
35166
35166
835624
35203
871468
37725
35168
35248
35192
35214
35202
35244
927346
927342
921463
35198
887017
886668
871121
927292
35169
35169
35251
35243
35239
35249
779198
887033
762231
35242
35170
35191
35231
779233
38823
762120
759435
35183
835800
929068
871487
871487
35179
835645
38835
38816
35171
871262
35206
38809
835547
35175
38836
779333
927335
887042
921450
35167
35210
35220
38790
886994
35227
921594
886663
35228
38811
779325
38788
43921
929014
38831
38829
35208
35240
35173
38803
759260
38794
35237
35211
38814
35187
759299
38787
38812
35185
35222
759259
35190
35212
38782
35201
921545
35205
35177
35246
872127
35161
762204
35221
35164
921574
35188
38815
35182
35235
929091
35195
835885
38818
35218
835965
929037
35223
35213
35209
43920
835884
762203
762249
38805
759300
921589
35197
38839
38828
35216
35184
835861
35241
38826
35162
779329
38817
35165
35196
35224
759372
38810
774977
35219
38798
35215
35189
871694
35247
38792
38825
836236
43922
835932
38821
38801
35178
35232
35194
887064
35236
38833
38799
779412
774957
929085
35160
38802
779353
35207
774940
779417
38820
38807
35200
921593
38786
38795
38827
38797
35163
35234
38800
38834
38830
835769
835970
38783
37724
38806
38840
38781
35225
38785
38791
835909
38784
38837
38841
38822
35193
872120
38838
37718
37726
872040
877086
38813
872044
38789
761585
35159
776023
877114
37717
37714
836075
38819
877116
38793
43994
38832
759301
37723
37716
35181
779400
38780
761448
836150
761640
877380
836050
761598
761934
37719
37722
37710
877379
779439
35217
38804
877087
776035
38796
45593
37727
877107
37715
38842
37711
872132
877416
37721
37712
877427
37713
35176
35172
35174