900514
763250
759341
921576
33975
886753
33970
763355
33962
33911
877080
33905
38230
759234
781682
37513
900529
921613
772919
876967
38163
835777
900482
761380
38202
38177
37516
33960
871696
33942
33943
900588
38209
779196
33899
33884
33933
33940
38153
871960
33889
33895
900638
33863
921609
871704
33920
33889
872002
33873
900514
38165
835875
887021
38215
33914
33890
38236
871478
877076
33902
871803
33979
33957
38152
33936
33928
38160
33906
38197
877074
775142
775964
878158
763487
886981
33924
781666
33906
871974
775142
835945
775964
835831
38234
886981
781666
835824
33974
38217
762109
877119
38174
871985
775915
33900
857627
33869
38173
33930
857534
38180
929088
38198
38178
38203
781656
38181
927328
38218
921561
38232
33868
44362
33978
781656
38204
927328
38169
921561
33868
38213
33978
33901
763250
776912
33970
877230
33975
33898
761439
33905
759366
33918
38163
38233
38177
33955
33942
900588
759499
33884
38208
900638
38183
33940
759341
33953
761440
886753
33911
33982
759234
877064
872041
33925
38237
772930
38194
37514
33877
38162
33932
876981
33878
759363
887029
33853
876936
33876
33896
33853
876936
33876
33896
857681
37515
33964
871099
33976
779257
871340
33939
33977
857698
763353
857698
763353
33860
772921
779285
33907
921597
887090
33909
871879
33919
38161
33897
38221
929087
33913
772915
763469
887080
33880
763505
33938
33952
38219
929123
33858
835826
38225
775391
887057
38191
921432
38227
762232
781683
871497
38155
33916
38224
921432
776479
762232
38158
871497
38159
900649
776567
33891
33958
33881
38164
761378
759560
33875
871853
33917
779287
38156
900561
779374
781702
33954
38196
887070
33941
929070
33915
33922
33910
781719
921456
871769
38166
763486
877216
38182
762110
38207
33929
38235
871677
33923
38222
33927
38189
779295
38200
761496
38214
877004
38190
835881
33867
877228
38170
921605
775098
38229
837375
38172
33903
33866
33894
33862
38199
759498
38187
759430
37517
772917
33864
835982
33959
33879
33971
33948
776459
871673
38216
38184
38195
33969
33935
33969
33935
33944
900652
38167
779429
887072
33968
836044
762108
33950
775898
38211
33956
33934
38193
33904
33865
33980
900650
921600
33893
33921
887058
763504
38188
769211
762172
33981
38223
38205
38206
871812
33937
38168
38210
33871
33949
38212
759233
857682
33859
775204
763476
781703
775853
871772
38201
779364
33908
38186
38171
38185
33951
38154
38192
38157