928080
928589
928510
928434
928351
928110
928199
928043
928030
928561
928385
928464
928086
928047
928209
928552
928622
928174
928321
928175
928266
928578
928445
928453
928559
928698
928402
928489
928546
928036
928519
928501
928556
928042
928085
928165
928697
928239
928699
928141
928421
928569
928408
928585
928041
928310
928254
928484
928348
928087
928455
928495
928327
928325
928492
928413
928507
928305
928491
928523
928364
928326
928079
928522
928370
928197
928267
928411
928417
928094
928498
928582
928386
928496
928616
928430
928355
928307
928205
928550
928480
928509
928219
928576
928540
928272
928409
928448
928431
928485
928098
928572
928508
928477
928557
928456
928397
928314
928468
928270
928511
928609
928419
928580
928541
928318
928459
928587
928488
928564
928504
928534
928474
928549
928238
928560
772008
914117
911480
911710
911478
911327
894334
878843
911546
921402
878835
921401
779029
875977
847292
847288
847286
878848
878841
772230
911454
911594
878963
911567
895568
895585
911499
911438
878862
878849
895435
875986
847229
847255
847233
903827
903829
847299
911405
762861
762853
762852
762850
903808
875982
903855
903854
903842
777203
762849
888027
911085
772045
768208
773542
921400
903841
895571
773546
773529
772010
772195
903835
911572
40504
772013
772180
772318
876019
772297
40402
911530
911253
911309
769806
777218
921382
773543
768468
875987
762858
895445
768267
895320
878931
768243
768225
768200
768178
40445
768156
894433
876063
768196
895384
894412
888063
895287
895472
895448
914112
895460
895322
878922
894141
894351
895411
894310
780258
894131
780252
894144
894333
878920
869867
911653
878846
779034
894441
896654
878886
911562
911213
895370
41006
896648
911384
911215
895453
911394
772270
880193
895350
895330
895578
888031
894259
878907
40510
896635
40993
911528
911483
911437
911514
768439
895546
911516
869887
880194
911721
878966
777215
895334
895511
772027
911701
847231
878879
768190
911529
878962
911391
911350
894467
878930
895421
777235
895415
878852
911132
869875
768472
895376
895364
894449
895482
876027
911488
878954
878913
911601
895613
895477
878897
914084
880178
878925
878884
895401
762855
878929
773549
895462
895391
895580
911404
896650
779024
895531
876040
777205
894407
895407
878899
895426
911458
911398
911465
878928
911576
768239
911644
914114
895532
888057
895556
869873
773544
772077
771980
772238
895353
769783
772056
895581
911568
911440
869876
911749
895505
878877
895425
895373
771981
895510
895295
895335
878974
895544
911592
876042
911591
911138
914116
772229
911641
772208
895611
876038
911718
895337
895271
911759
911679
911509
772016
895313
894392
878924
878923
895539
895410
772064
878977
895375
895468
878933
911093
896652
895541
895534
895319
911363
911571
895559
878911
878971
768177
772269
911409
894466
911345
894339
894322
911251
911685
39924
878969
895447
895476
768176
895344
895413
772145
911554
772192
894391
895486
895327
895444
895459
768324
768209
911377
894386
895339
895463
895395
911599
911467
911378
768366
895579
911307
911423
894408
772118
772181
911412
40502
911678
895609
895392
878968
768230
894461
911823
911348
895533
895329
911744
911651
895454
911815
895383
772236
911395
768522
911680
768232
928038
928545
928222
928048
928035
847235
910999
771977
910985
911235
896646
911078
888039
911088
911234
847193
769801
903800
894086
914085
894095
847210
36325
894116
772044
779044
762846
894166
894283
772043
878830
773534
780251
777223
45251
878834
36323
869878
41959
770847
880157
853092
41957
37512
927994
927964
927991
928008
928034
928006
894414
847330
911750
847317
895643
876015
895625
895573
876033
911659
847313
878858
911723
911560
911772
911656
911527
894330
911383
847281
847310
911577
876100
911518
876176
895285
895645
847324
772428
914119
911615
914115
894327
894318
895664
911668
847323
895409
895286
911746
878980
878926
911732
847328
847302
895615
895583
895652
847325
914120
911791
772501
911248
895485
911725
895662
895646
894265
895484
911570
779040
879008
772504
772455
879018
895552
895429
911544
847315
895591
895503
894314
895593
895467
895342
911845
911830
911809
876009
894458
896656
847300
847326
911586
894457
878842
847319
879006
895428
911658
847316
895414
771954
894437
911531
911706
911752
896651
911747
894165
911703
847309
911563
911411
895551
895536
895586
878978
894329
911728
911541
911146
878906
911489
894156
847232
847308
772534
895417
895282
895617
911335
895565
895555
895473
876133
847331
895540
895608
911768
847297
879009
895427
911445
894335
911537
876121
895504
847320
894114
876021
895553
894463
895632
772564
895665
878995
896655
895432
878973
878981
911765
911407
896658
772434
911720
895588
895605
772354
914113
911842
895430
911715
911677
911525
894306
876166
895475
772224
895607
772429
772459
879003
876060
895457
911805
876144
911508
772571
895619
895631
876106
895292
895451
895629
876028
895478
895594
895614
878982
911700
911813
895666
768747
911617
895569
895572
911769
911612
878990
878992
914079
876177
896657
911099
895402
876030
895535
895547
876143
876110
772390
911645
772353
895512
772422
879004
772553
911691
911832
847329
895623
911775
895412
772409
895446
878983
895311
879010
911735
895542
895641
895567
768547
911793
895488
895618
911689
772215
911812
895450
879001
895627
911802
847322
876109
895587
911741
772546
772483
772480
911824
772439
911796
878999
911648
895642
772346
772433
879021
772549
772526
911737
876178
895622
878965
878993
895455
911828
911682
895630
911800
895560
878987
911589
895663
879014
878880
772531
895509
895549
895602
895620
876127
895479
911778
772522
895489
911837
879017
911609
911784
772542
895575
772545
911827
911829
772537
911694
911764
911669
911831
878988
895636
772484
911774
878991
911826
895651
895561
911808
772418
911463
772313
911379
772535
768682
895637
895508
911773
772453
911810
911848
911742
911799
911825
772443
911519
911583
772495
772406
911709
895557
772051
895495
911551
895659
772304
895379
895577
895603
911738
895545
876046
911794
768698
911833
911795
911820
895487
895404
772517
772364
911673
911835
911834
911839
876141
772559
772529
772565
895589
772527
895628
895590
911695
772543
772496
772369
772518
879005
772451
911657
911843
911806
895606
772524
772499
895633
911526
911643
911777
895635
895558
911780
911616
772427
772525
911650
911761
772452
772486
768542
895433
772340
772407
772399
895638
911771
878989
772205
772420
772539
772505
911614
772435
772349
768591
772411
879012
911740
772512
895644
911787
911792
911696
879007
772523
772402
772556
911844
772552
879013
772532
911841
768412
772352
772574
772541
911652
768453
772568
772567
772450
772493
911801
772536
768642
772490
772563
911547
911819
772368
772397
772445
772550
768720
768719
768703
772511
911314
768707
768746
768600
768739
772519
768644
772430
772251
772521
772560
772488
772528
768708
772503
768590
768697
768507
772516
768741
760936
772507
768664
768714
772551
772530
772533
768750
768748
768743
772423
772061
772538
768655
768663
772509
772494
768449
772514
768580
772540
928271
928626
928268
928584
928112
928037
928368
928221
928472
928388
928211
928608
928387
928297
928181
928594
928606
928483
928303
928029
928461
928176
928651
928493
928255
928309
928628
928218
928391
928629
928695
928304
928506
928372
928521
928586
928457
928516
928437
928404
928420
928458
928634
928649
928520
928581
928597
928653
928398
928624
928350
928525
928518
928652
928601
928466
928571
928660
928613
928543
928661
928656
928536
928620
928637
928539
928132
928612
928565
928514
928614
928642
928469
928260
928563
928630
928337
928273
928598
928600
928530
928405
928573
928645
928375
928588
928610
928643
928658
928625
928647
928638
928701
928220
928655
928648
928623
928644
928462
928632
928700
928595
928579
928667
928640
928657
928553
928568
928618
928605
928591
928593
928666
928631
928617
928607
928438
928542
928641
928554
928422
928635
928654
928650
928615
928590
928555
928562
928547
928479
928604
928503
895514
895277
895352
928502
928407
928359
928524
928602
928156
928203
928185
928019
928633
928503
928603
928529
928451
928435
928188
928410
928377
928636
928558
928544
928144
928328
928441
928022
928548
928551
928505
928382
928246
928444
928384
928659
928662
928537
928170
928383
895363
895343
894364
894183
894346
895493
895416
895610
895570
895562
895564
894368
894106
894280
894182
894276
894083
895458
895340
895537
895354
895277
895624
894178
895471
895372
895380
895481
895626
894383
895452
895396
895470
895465
895634
895464
895300
895612
895296
895550
895621
895461
894298
895406
895576
895592
895514
895483
895513
894148
895604
894459
895431
894465
895347
895563
894354
895582
895480
894430
895574
878970
876018
875983
875837
876072
878985
876034
875980
878905
878975
875971
876016
878853
878851
876123
875863
876139
875981
876047
876026
878967
875969
878984
875864
911410
911692
911690
911724
911702
911838
911676
911548
911758
911414
911672
911640
911711
911785
911540
911681
911686
911372
911767
911736
911608
911776
911555
911604
911582
911693
911688
911605
911381
911779
911553
911716
911707
911726
911649
911575
911254
911687
911788
911533
911705
911757
911748
911520
911666
911388
911564
911803
911730
911770
911675
911595
911731
911511
911671
911722
911756
911836
911684
911611
911762
911462
911455
911550
911763
911600
911743
911590
911349
911341
911502
911205
911840
911667
911507
911610
911397
911814
911727
911557
911534
911309
871909
776877
42818
42638
43060
42409
43088
42636
43014
42488
759457
42757
43017
759328
42595
759404
43076
42591
42919
871722
871722
759383
43107
769525
769497
759454
43110
776957
769474
42498
42381
43091
769517
43564
760039
872117
42371
759388
42535
42588
760039
872117
42371
759388
42535
42588
42504
42857
42556
776483
759634
773822
776845
42968
43004
759405
43730
43779
42386
769516
42556
776483
759634
773822
776845
42968
43004
759405
43730
43779
42386
769516
42670
776838
769477
42555
759445
776826
773696
871747
769516
42670
776838
769477
42555
759445
776826
773696
42712
42438
776896
773721
759745
761987
42484
775719
43142
769416
42477
43117
42477
43117
871949
776796
42995
42779
43055
871877
43090
43043
759572
42772
42483
43008
42820
759740
42783
42731
42400
42564
42400
42564
42501
872179
769495
759460
775738
759849
43061
42398
42593
43201
760136
759516
777152
759518
871901
43058
42981
43092
43058
42981
43092
42970
871938
776161
761050
759509
759461
773767
42742
776044
763507
43018
42532
776440
43757
42832
43841
776958
43841
776958
872186
872006
872050
872088
42780
42380
759326
42583
776671
42359
42645
759325
42720
759480
43416
773868
42540
42590
43416
773868
42540
42590
43504
42469
43031
43140
43000
776964
776846
776763
759739
42389
769540
43143
776831
42726
759476
759389
42726
759476
759389
43089
42686
43195
43021
777041
43470
871935
769599
759684
769577
42594
42677
776895
43023
42998
43009
42536
43009
42536
43049
773816
776840
43114
42942
759522
776850
43172
776930
759385
42633
42464
42530
42569
42923
42436
776296
42391
42569
42923
42436
776296
42391
769580
42634
42373
42642
759511
759442
776581
871723
759822
42439
42412
43522
759735
776835
759428
43522
759735
776835
759428
42425
871810
871861
776827
776474
42746
759528
42486
777039
42718
759676
769518
776872
42353
871896
759736
759736
769498
42520
42349
776848
773796
769524
760139
42443
759901
871976
776890
42767
776803
42990
42552
769602
42864
42576
769606
43777
42961
42682
871721
776979
42829
42613
759402
42654
776875
43139
759570
43108
43112
42969
42917
759525
43079
776822
42420
43108
43112
42969
42917
759525
43079
776822
42420
769502
759780
871880
43543
42547
759573
43135
42561
42432
871836
776531
759530
759530
42702
42546
42839
33812
759324
43038
42760
42628
769499
759624
776787
759564
43067
42629
776766
776120
776948
42753
776805
776948
42753
776805
42553
759505
776819
776983
42979
42862
777036
42419
43291
42704
773823
42977
42625
769527
773800
759403
759515
759515
42975
776901
43400
43188
42745
759737
759761
42399
776698
871889
43053
42736
42584
776583
769603
42531
871934
43119
42766
42766
42403
42406
776813
773738
43411
759399
769440
43389
759502
42415
43052
42543
43225
42708
42573
776652
759456
872054
773798
872054
773798
773740
776881
776798
769563
871956
43080
42545
43129
762747
42999
871962
43099
769656
759585
42710
42749
756405
43728
43728
43265
42375
871765
769542
871927
759526
777085
776945
773837
773824
773772
769532
769530
42755
42913
759410
42748
42732
759462
759462
769581
42845
872059
776968
43789
43701
43544
42717
42994
42358
759804
42548
759677
776669
769534
777086
769605
871930
776829
776829
43033
871978
759586
776175
776823
42582
777124
43102
773815
759401
42482
769612
759398
43183
769556
759581
871997
769531
759631
759631
43229
759766
759625
42516
759575
776916
773846
43397
871888
43790
759882
776943
42814
42550
759569
43530
769545
42428
42523
42523
759844
43714
776706
776909
43074
773847
42566
776902
759582
43499
43013
759400
776987
776692
43403
776934
759452
773842
872033
43162
42856
42668
43072
42964
769832
773829
871895
776757
43812
42722
42987
42972
776082
871838
871870
769523
776780
43056
43859
43859
761904
775988
43100
776893
759622
773645
43224
776849
759706
759568
42796
43528
43716
871942
43512
776717
759639
769825
759903
42699
42952
759848
777321
42824
759743
759524
871916
42921
776923
762634
776843
42632
42703
42617
42587
42544
43123
43136
42754
42754
42392
769522
43045
755655
43011
776716
42579
776839
42711
43203
761978
42567
43607
769513
759464
43756
43085
777265
43128
776847
42527
871919
43299
42915
777277
42385
759672
759670
42431
43002
872029
778863
778314
776965
776914
769922
769620
762294
44240
769620
762294
44240
43973
43500
871961
43050
760248
872000
776801
769631
43186
43026
43435
776905
42405
42395
43421
42572
759881
759881
42538
776793
43873
769504
769438
43402
769503
42524
773830
769535
776937
871951
776563
872077
776748
42953
43122
43111
43986
43986
776770
42683
43015
760216
762663
43300
759884
769874
42685
776863
871954
42664
759512
42655
777192
776932
776911
42966
872010
871954
42664
759512
42655
777192
776932
776911
42966
872010
44053
43703
759463
776880
43801
43093
871905
42675
769956
42511
42674
777087
872093
759587
43039
871857
42560
43202
43181
872018
759386
42827
871917
42802
872066
759441
42959
42485
777266
769919
42911
769544
43761
43187
42472
44002
872108
777257
770104
776832
43743
44998
42997
871963
770032
43461
871856
759503
776867
43538
776974
43538
776974
871970
42950
760335
872184
769541
42761
776640
762886
42589
871897
43959
43220
759637
42440
769529
43513
42986
42691
42691
776956
871874
872013
42962
43036
773881
759759
43028
42773
769543
43392
43302
43327
776962
759883
43182
777167
776755
777148
776833
761248
773802
759683
43774
756089
43048
42853
42554
42621
759842
43213
773883
760272
776861
777271
42787
872057
42352
43549
43549
42983
43960
43573
759764
759744
871943
42616
42850
42407
43101
43501
776919
759630
43514
42788
776802
42974
42955
776949
42974
42955
776949
43280
761866
759741
43731
759450
759681
767489
759517
769557
776915
760038
42810
759755
776860
762738
759580
43170
42698
769552
769564
43806
43041
871947
42462
776903
769560
42382
871903
42355
769501
42537
42434
43166
776961
759902
760255
42495
776684
42789
773876
43811
43171
871875
769837
872133
42426
872035
776969
42522
44004
769949
44521
777038
769831
759635
759523
42730
42730
43418
43120
42954
871868
872047
775992
43423
776878
42510
43082
777055
761710
42982
759421
42577
760037
759578
42372
42441
42372
42441
759880
42433
773785
43775
43040
43094
872094
776851
43062
871847
759762
42800
43046
777403
42541
773831
42996
773833
759765
42619
759632
42688
777042
43542
872056
42637
759682
759506
42867
777533
871979
773671
755737
45026
777040
43075
759574
761403
776884
776925
871966
42984
43740
776894
769526
43184
759628
777247
43425
42765
778870
761048
43214
776400
773733
871717
761051
42701
872463
759742
42750
776889
43030
42417
43106
42478
871959
872008
759510
759501
42902
773853
42350
872118
42696
43178
44066
872021
872021
871914
776953
776938
773838
43292
42762
871396
43736
777131
42421
773843
43197
759393
42852
759455
759551
43131
42410
773814
773814
871940
42871
43012
774457
773865
776810
42988
872005
759513
773728
872022
776713
759738
43103
42651
777064
42565
43003
42835
42835
42739
43130
43818
43096
871995
871834
871899
776864
42461
42423
43221
776662
773884
42899
776853
775729
871998
776672
43404
43404
42574
42776
756445
871922
761527
777052
872144
777187
769512
776836
43134
43436
43073
777134
42828
43674
871993
776865
776785
759323
758279
872083
761818
872101
760273
42528
43006
42914
42416
769582
759446
43850
759529
42585
42635
42394
759638
871925
43165
871925
43165
43750
872103
769592
871898
43763
776752
776886
759579
42958
42387
43719
42965
776939
43144
871977
43020
43887
42705
43887
42705
759712
872134
42659
43821
43118
871920
871832
761939
43064
777037
759583
42836
759493
776897
42378
759760
42435
42383
42383
43754
45670
776658
760343
43961
42618
759519
773845
42811
42514
777189
43819
43758
43054
42973
43770
43084
778321
42357
769441
769579
42519
43732
43133
777102
776821
43163
776812
871983
759406
43465
42562
42517
42476
778813
43705
776955
43398
43415
43415
776882
43809
773806
759514
42586
759678
871948
776834
42360
871996
43805
777106
776869
43071
871871
777324
759527
42774
43823
43823
43065
42490
769558
776879
43401
769607
42837
42859
43230
43742
871994
43383
776779
42624
776976
42666
42558
759584
42539
776844
42815
759520
42709
777181
42368
872075
871702
43324
42580
759577
773849
42578
42912
42672
777058
872012
43145
43497
759828
776667
776978
777535
777051
773874
872518
42872
757234
43205
759713
872096
776786
42721
42575
769604
43824
769554
43578
42797
777061
43059
759714
769496
42492
776898
760328
42509
42805
761049
777153
43892
871944
759563
776927
777147
776756
43066
42390
42822
777109
777109
43208
43189
762269
43141
759826
872042
774326
773887
773854
773804
761979
773897
761968
761478
42795
760915
42897
773827
42676
43480
776775
43169
769553
773841
42807
42895
42513
759629
42947
759626
43193
42724
760299
43210
776933
759730
42785
42855
43439
43439
42842
759807
42858
42404
773850
43464
777331
776141
762239
872140
773862
42444
776842
43766
872032
43176
43781
776628
776926
42980
871968
43733
871882
42758
42534
776814
776792
773844
777159
776824
43010
778469
42397
759640
43729
43560
871988
759453
776942
769637
777048
776595
777146
42667
759679
760214
773857
759327
872070
43720
43412
769515
43406
43167
43318
43552
42620
872092
777160
872092
777160
42652
42799
872068
762826
776885
43793
777166
42570
759467
43746
776795
42935
42493
759566
42414
776951
769639
44059
43893
776910
42497
759567
42806
759705
872174
777686
872172
43068
871991
43098
42719
45548
776986
43694
872051
759521
42475
42647
42940
762672
43279
759808
42393
773840
776904
769578
871932
761860
777062
43351
42735
43270
43032
761046
42622
43866
42716
42592
776917
43419
43357
43396
759715
42466
43768
43785
42693
43567
759806
45027
42643
43503
778892
43027
42615
43019
769659
43839
769659
43839
761709
871760
759854
43457
872084
872082
42695
43138
42660
43429
777260
42662
776941
43780
43219
42993
42411
773864
776908
760224
42775
43097
777091
872046
42507
43305
776973
42627
43409
42948
43782
42801
777169
42370
43620
43968
776906
44050
44050
759847
762757
777390
43332
43070
44228
43267
43847
43791
42549
43121
43566
42728
43126
760344
43005
760294
777121
43708
42474
43288
769921
43022
42657
43222
42764
43592
42687
777253
777133
42781
43331
42656
43842
872074
872028
45601
43726
777154
43572
759438
44014
43489
43956
43218
42816
42640
43393
43271
43116
871992
773781
759443
871876
777004
42933
776816
43333
759444
43105
776830
42713
760034
776735
769601
770810
43786
777099
43537
776523
769439
43783
763751
773792
44229
42849
43077
872009
872472
43498
43525
42943
42759
771032
43840
756296
42384
43718
43290
777126
43266
777193
762744
43194
776789
43127
759448
42665
42830
43747
777590
872105
42894
43748
43877
43744
42571
871987
778849
43437
42851
42707
43057
42557
42908
760276
43179
42369
42631
43109
769621
43745
42812
43665
773791
43565
777196
773872
42673
768128
43787
759805
42846
777057
42646
43815
43294
755657
43269
777243
759459
773821
759623
43325
776975
773817
43366
773702
773855
42910
872161
42992
43958
43713
42680
42648
42866
42991
872166
872126
777255
43575
42928
43025
43295
776841
43772
773889
42873
769925
759449
42723
42505
43643
42429
43307
43644
43087
762240
42946
759390
769559
43016
42743
43618
760914
871921
43816
43784
42714
43724
43407
776332
872098
43796
43491
777190
43704
43443
759711
762316
773869
760298
43621
43277
42596
43595
43281
43667
43192
42793
42362
43721
43434
776920
43845
42792
872076
42727
759508
759818
759843
872052
42841
759391
43078
777246
42949
43985
776800
43962
43394
759565
43648
777053
42794
42778
769993
776856
760247
777177
763512
42971
773858
43198
43438
759778
761942
42927
43894
43365
43891
43826
42684
762308
774350
42900
42437
778569
43217
777063
872142
42843
759821
769528
761944
43706
776966
43966
769924
44647
42568
759757
872043
42989
43533
777044
43441
43516
43516
43283
42938
43727
45654
43137
761215
759675
761047
776963
42808
43541
759802
42909
761516
769555
42901
776862
769980
43710
43702
759709
759015
43804
43185
872173
762739
872085
42630
42626
42445
43810
769647
43420
42918
42669
773832
759803
777132
871971
43405
774145
777391
776985
759710
776922
42706
43617
872141
43608
872060
872055
773825
43314
43829
761405
759734
761546
43540
43001
43540
43001
769942
43680
43580
42944
769859
777245
760295
776977
757762
43312
43579
43330
872187
43296
42689
45014
42694
42833
43827
43712
759394
42804
777123
43431
42786
759910
42363
43798
871910
45454
770129
42907
871989
42868
760137
43449
43609
42671
777186
43492
768004
42763
43695
778850
43867
42747
43422
43843
43957
761251
777125
777239
43510
43223
42733
42467
45458
43800
777168
43844
761564
42904
777072
43684
43363
872039
42854
43174
42663
43631
777248
872171
872471
759396
769539
43792
777128
872160
769636
42422
769977
762483
43272
43984
42819
871967
43820
872072
777562
777065
770929
645513
762750
872069
777127
777395
42653
872136
759387
43433
871829
44001
773863
43807
43587
759819
43168
871975
777372
776593
760293
872469
42777
42470
43455
42769
876215
761589
871990
871964
872026
42506
43177
42503
760138
759507
43211
43323
773839
872038
873110
42376
770100
761279
761785
43037
43479
43432
777244
767924
42354
42499
776857
755750
45197
42494
777045
872024
42413
759823
42529
43454
42424
43472
776568
43531
43424
777254
43597
43507
43773
759439
43638
43034
776607
777256
762573
43399
42936
774033
43612
42956
872023
773877
43605
872135
43329
43341
773848
759395
42518
776859
42351
43044
45124
882379
42916
872576
756236
42427
43828
42356
42526
43427
756420
43524
43769
44012
44012
776771
761479
42487
777400
42967
872178
760300
43274
756414
759827
759845
43298
43830
42863
872063
755926
777236
872034
42985
776954
42559
43024
43601
43474
43615
872089
44055
777278
43569
763005
43879
760254
45498
43971
755670
43180
872466
42463
43526
760246
507436
43778
43539
43547
43788
759671
43284
43760
43430
762285
776959
872097
43771
43520
43191
872185
43417
762300
42825
43456
43428
769910
759451
760215
42715
777139
759673
871900
43196
42471
43206
43619
763998
42678
43554
42479
43582
773770
43814
777170
43199
759758
42951
693253
42408
761993
42542
767491
43794
43627
778392
43509
770046
769829
759800
43832
777541
769884
43836
43326
43442
43738
43508
872148
42480
769979
42929
42644
774651
43550
42838
872049
767490
872079
42481
42939
760327
872019
43348
42937
43987
777740
871936
43519
43838
43414
777389
44056
761994
43616
872182
773879
42525
768147
759824
43632
43629
43322
759680
43462
42934
872090
763996
43606
43645
43316
43315
872081
756409
872125
43653
44673
43381
43553
760296
872037
768904
42896
43975
43868
769875
43846
43660
777322
777158
43709
777129
43749
42681
43386
42661
762952
42834
42906
43471
42860
42502
43463
871946
42771
43658
43764
43466
777564
44773
44245
43452
777156
43834
762507
762733
43334
43319
762868
756063
42847
769824
43227
43767
43871
43042
872007
872100
871929
42489
43546
43637
43707
43825
43286
43338
760193
761561
43765
773871
44542
43559
43483
762748
43164
43797
777325
776960
872102
759779
43353
43476
43895
43741
43293
44248
43515
761254
769833
761843
42790
43548
777089
762247
755736
43458
43215
43426
760140
42817
770600
43875
872061
872058
761708
773878
43200
778564
777561
43969
43306
43534
872073
43336
42521
43273
43635
774327
761278
777175
763495
42639
776855
43837
45456
43379
43484
43390
872027
44520
777399
43347
767514
43132
43737
777054
43494
42945
43377
42844
45598
778936
43571
43518
44007
43622
43344
773899
43897
763877
872099
769830
776858
777088
43529
773463
777594
777047
43649
42865
44541
43668
769645
43636
761969
43459
43977
770512
762474
42784
873071
43584
872188
872143
776950
43563
771074
777191
43662
42473
43799
42430
43287
43555
42729
43521
872078
43590
776854
43113
777267
777270
759846
872163
43831
759801
777550
43468
759571
44010
760274
761320
762863
773873
43445
872838
760106
42861
42924
761844
777586
43602
43870
872837
757197
872080
773852
777581
43889
42893
43502
776907
43216
43802
43651
43536
872031
777163
777386
763554
42905
769843
872121
43795
43646
759674
759731
43308
43854
777046
43600
43467
777545
778427
777049
45474
769866
44003
43604
43669
43610
43304
773875
777569
43469
45224
757285
760275
42892
43310
42515
42941
872836
872030
871999
761747
43715
770448
43835
43289
42925
43717
777179
43490
759397
755721
43506
769478
777043
760035
777371
43285
779435
777149
880762
42803
872011
871980
42960
43447
872087
778439
45573
43876
42496
761707
44256
43722
43964
774034
43762
760345
42465
776913
43577
42809
770840
43599
43753
43751
760297
777050
777150
767569
769595
43207
771461
44713
43723
761786
759392
873111
43190
773828
778354
762241
43278
770494
44008
777060
777197
761997
777059
777575
43410
778373
43475
43505
774325
777272
42869
507503
773856
871933
44241
761938
43885
773888
43583
43593
43388
43735
44011
45132
871981
759708
43864
769622
42744
43808
773867
872835
43276
43664
780522
778666
45460
777199
761121
43485
759447
43352
778954
777370
872116
43282
777555
759900
43647
777056
769638
43374
760346
767509
43711
43851
42821
43822
780550
42813
872533
769981
43335
43972
779155
776935
43309
43413
757569
773896
759850
770829
773859
43862
43833
761404
43628
43355
43725
43755
42930
42831
43558
45191
43297
884110
761250
872175
43872
872181
43532
43817
777157
755618
771443
43301
755698
44994
774387
755967
872122
773880
778111
43328
761991
770481
43588
778377
43317
770038
42840
43659
43495
43813
43370
875254
777155
872139
43349
44522
872025
777385
42614
769920
45572
761406
43561
43382
43359
43378
762264
43974
43275
43313
848275
872137
43173
756730
755934
45455
883616
42649
43448
777009
768139
762827
774144
42442
43535
776928
757432
777404
43576
761817
761943
43982
781914
875361
44549
43869
44009
43450
42826
43614
756055
43672
43685
777320
43488
43337
756193
42361
43384
759732
778899
777165
43855
43444
43589
45015
44944
45417
43446
776784
851970
770039
777240
43625
43650
42920
777748
773826
43231
45443
43493
43204
776769
762811
873072
43342
43640
43369
45415
888022
759707
42658
872124
755739
43861
763494
873616
43670
45649
761937
43523
43354
778663
43663
43343
756412
45125
43890
767511
761992
776781
43364
871939
773894
45505
777130
768936
43699
763697
43371
763878
755863
45225
43882
43860
44049
771076
43372
43570
43340
761249
45599
876267
43896
777794
43387
44543
43633
44070
759621
43527
44706
43477
873073
44243
782076
777238
875359
876836
872086
773885
44997
44052
43967
43898
42751
776984
770811
872577
43881
770631
756450
762452
42756
755862
757544
43586
42791
43682
43321
43321
777377
777151
43596
769883
43858
43888
891269
43661
42903
43473
873610
757612
777563
871965
43979
769978
43562
769948
755870
43624
43886
43228
43863
43460
43591
43124
44227
44244
43311
872162
872575
45438
777259
777280
767513
43623
43965
45418
43776
43345
43884
761545
42418
861737
757706
43391
43642
848727
757147
43880
757744
43878
756746
44239
45414
43857
43268
755936
43698
43517
755857
43883
761936
44000
768900
757595
761952
44537
755720
755861
43453
761806
760036
756356
768127
43598
771683
781002
776668
45133
43989
43380
762815
758253
777183
756413
757619
756380
43545
768148
43865
43980
767984
43671
768776
774349
43848
42823
44058
778520
43361
777098
43356
757211
872138
781739
44071
42976
45183
43478
758061
757603
43849
773519
757196
758867
761417
757601
869088
773513
900514
763250
759341
921576
33975
886753
33970
763355
33962
33911
877080
33905
38230
759234
781682
37513
900529
921613
772919
876967
38163
835777
900482
761380
38202
38177
37516
33960
871696
33942
33943
900588
38209
779196
33899
33884
33933
33940
38153
871960
33889
33895
900638
33863
921609
871704
33920
33889
872002
33873
900514
38165
835875
887021
38215
33914
33890
38236
871478
877076
33902
871803
33979
33957
38152
33936
33928
38160
33906
38197
877074
775142
775964
878158
763487
886981
33924
781666
33906
871974
775142
835945
775964
835831
38234
886981
781666
835824
33974
38217
762109
877119
38174
871985
775915
33900
857627
33869
38173
33930
857534
38180
929088
38198
38178
38203
781656
38181
927328
38218
921561
38232
33868
44362
33978
781656
38204
927328
38169
921561
33868
38213
33978
33901
763250
776912
33970
877230
33975
33898
761439
33905
759366
33918
38163
38233
38177
33955
33942
900588
759499
33884
38208
900638
38183
33940
759341
33953
761440
886753
33911
33982
759234
877064
872041
33925
38237
772930
38194
37514
33877
38162
33932
876981
33878
759363
887029
33853
876936
33876
33896
33853
876936
33876
33896
857681
37515
33964
871099
33976
779257
871340
33939
33977
857698
763353
857698
763353
33860
772921
779285
33907
921597
887090
33909
871879
33919
38161
33897
38221
929087
33913
772915
763469
887080
33880
763505
33938
33952
38219
929123
33858
835826
38225
775391
887057
38191
921432
38227
762232
781683
871497
38155
33916
38224
921432
776479
762232
38158
871497
38159
900649
776567
33891
33958
33881
38164
761378
759560
33875
871853
33917
779287
38156
900561
779374
781702
33954
38196
887070
33941
929070
33915
33922
33910
781719
921456
871769
38166
763486
877216
38182
762110
38207
33929
38235
871677
33923
38222
33927
38189
779295
38200
761496
38214
877004
38190
835881
33867
877228
38170
921605
775098
38229
837375
38172
33903
33866
33894
33862
38199
759498
38187
759430
37517
772917
33864
835982
33959
33879
33971
33948
776459
871673
38216
38184
38195
33969
33935
33969
33935
33944
900652
38167
779429
887072
33968
836044
762108
33950
775898
38211
33956
33934
38193
33904
33865
33980
900650
921600
33893
33921
887058
763504
38188
769211
762172
33981
38223
38205
38206
871812
33937
38168
38210
33871
33949
38212
759233
857682
33859
775204
763476
781703
775853
871772
38201
779364
33908
38186
38171
38185
33951
38154
38192
38157
759220
886949
35250
759261
35230
35229
35199
759262
35186
886642
921444
35245
921513
886650
35204
35238
35233
35180
921435
35166
35166
835624
35203
871468
37725
35168
35248
35192
35214
35202
35244
927346
927342
921463
35198
887017
886668
871121
927292
35169
35169
35251
35243
35239
35249
779198
887033
762231
35242
35170
35191
35231
779233
38823
762120
759435
35183
835800
929068
871487
871487
35179
835645
38835
38816
35171
871262
35206
38809
835547
35175
38836
779333
927335
887042
921450
35167
35210
35220
38790
886994
35227
921594
886663
35228
38811
779325
38788
43921
929014
38831
38829
35208
35240
35173
38803
759260
38794
35237
35211
38814
35187
759299
38787
38812
35185
35222
759259
35190
35212
38782
35201
921545
35205
35177
35246
872127
35161
762204
35221
35164
921574
35188
38815
35182
35235
929091
35195
835885
38818
35218
835965
929037
35223
35213
35209
43920
835884
762203
762249
38805
759300
921589
35197
38839
38828
35216
35184
835861
35241
38826
35162
779329
38817
35165
35196
35224
759372
38810
774977
35219
38798
35215
35189
871694
35247
38792
38825
836236
43922
835932
38821
38801
35178
35232
35194
887064
35236
38833
38799
779412
774957
929085
35160
38802
779353
35207
774940
779417
38820
38807
35200
921593
38786
38795
38827
38797
35163
35234
38800
38834
38830
835769
835970
38783
37724
38806
38840
38781
35225
38785
38791
835909
38784
38837
38841
38822
35193
872120
38838
37718
37726
872040
877086
38813
872044
38789
761585
35159
776023
877114
37717
37714
836075
38819
877116
38793
43994
38832
759301
37723
37716
35181
779400
38780
761448
836150
761640
877380
836050
761598
761934
37719
37722
37710
877379
779439
35217
38804
877087
776035
38796
45593
37727
877107
37715
38842
37711
872132
877416
37721
37712
877427
37713
35176
35172
35174
45372
871409
871328
42198
877164
763357
42213
39737
871624
886669
39729
835728
900494
762162
42189
45401
900600
929057
871443
857612
929057
871443
857612
42178
886648
886734
927345
42177
835636
42193
876882
42167
45370
857670
45371
763263
857686
763264
42168
39770
42168
39770
42182
871355
39771
42192
42188
763290
42212
39750
39718
42179
886692
886682
42235
762163
835635
42163
761477
871432
871432
45427
877053
33833
900546
45346
42234
762086
39730
857640
871226
39766
876915
877185
886809
45468
42231
886997
927350
39721
927350
39721
929019
877105
871550
39736
39761
42151
42183
871125
929035
38114
763255
42199
38112
857519
927327
887052
761362
43999
42217
887071
877018
871547
42162
42154
763365
761401
39772
42197
857688
42184
39731
42150
45369
42222
39746
45368
42195
38113
42233
42218
42228
900565
42201
871437
42196
42173
762161
39745
871841
42180
42207
45503
877200
42187
761402
42211
927320
42165
39722
871592
42191
39717
871421
42149
38117
835802
775240
42181
835661
900640
42203
929056
39767
871798
857714
42236
42185
871302
38118
42190
42223
39734
835670
835771
42186
42161
39740
886950
871574
42171
42153
43935
876879
857695
42169
39716
42229
39747
42225
775097
42152
39720
39749
42224
39735
42158
39741
877063
900665
42159
39754
39724
39743
775106
871455
42202
763326
39732
900631
39744
871361
900654
900677
835839
762253
39725
857705
38115
39751
39719
39764
42208
39762
42216
39738
42156
39723
39758
835753
835602
835877
39739
42219
39759
42155
835842
42170
39765
871658
38110
929075
42164
38106
42206
835857
39753
38119
763496
38116
39763
42194
42227
42221
39742
857715
42232
39769
39728
39768
835933
39773
42215
877082
42210
835924
835991
43995
42157
39748
42220
871784
42205
39733
42226
38111
835723
42214
39726
871220
38109
42204
38104
761515
42209
39760
42160
39756
836077
38108
42200
39757
39752
770486
43913
38105
836161
38107
42175
42172
42176
42174
871496
871287
774902
774712
774691
835382
835404
774853
835470
774871
871501
774738
835348
871390
871797
835463
835674
871484
835610
774881
835351
871787
835674
871484
835610
774881
835351
871787
871303
871519
871886
872106
871457
835840
835805
835671
835613
774854
774827
835692
774952
871315
871315
871607
774701
871710
871323
774864
774762
774786
871460
871354
835687
835465
871805
774788
835768
835741
871462
871764
835408
774774
774974
835841
774706
781534
886606
900464
34989
33820
45237
34987
779175
857515
769121
763236
921379
38148
773524
35086
36354
759175
42240
35879
35885
33825
835343
38150
35883
774681
37510
34369
35890
33813
34274
34273
871092
35092
35893
34275
35895
42346
42345
42347
927286
929093
929095
929012
929010
929076