45372
871409
871328
42198
877164
763357
42213
39737
871624
886669
39729
835728
900494
762162
42189
45401
900600
929057
871443
857612
929057
871443
857612
42178
886648
886734
927345
42177
835636
42193
876882
42167
45370
857670
45371
763263
857686
763264
42168
39770
42168
39770
42182
871355
39771
42192
42188
763290
42212
39750
39718
42179
886692
886682
42235
762163
835635
42163
761477
871432
871432
45427
877053
33833
900546
45346
42234
762086
39730
857640
871226
39766
876915
877185
886809
45468
42231
886997
927350
39721
927350
39721
929019
877105
871550
39736
39761
42151
42183
871125
929035
38114
763255
42199
38112
857519
927327
887052
761362
43999
42217
887071
877018
871547
42162
42154
763365
761401
39772
42197
857688
42184
39731
42150
45369
42222
39746
45368
42195
38113
42233
42218
42228
900565
42201
871437
42196
42173
762161
39745
871841
42180
42207
45503
877200
42187
761402
42211
927320
42165
39722
871592
42191
39717
871421
42149
38117
835802
775240
42181
835661
900640
42203
929056
39767
871798
857714
42236
42185
871302
38118
42190
42223
39734
835670
835771
42186
42161
39740
886950
871574
42171
42153
43935
876879
857695
42169
39716
42229
39747
42225
775097
42152
39720
39749
42224
39735
42158
39741
877063
900665
42159
39754
39724
39743
775106
871455
42202
763326
39732
900631
39744
871361
900654
900677
835839
762253
39725
857705
38115
39751
39719
39764
42208
39762
42216
39738
42156
39723
39758
835753
835602
835877
39739
42219
39759
42155
835842
42170
39765
871658
38110
929075
42164
38106
42206
835857
39753
38119
763496
38116
39763
42194
42227
42221
39742
857715
42232
39769
39728
39768
835933
39773
42215
877082
42210
835924
835991
43995
42157
39748
42220
871784
42205
39733
42226
38111
835723
42214
39726
871220
38109
42204
38104
761515
42209
39760
42160
39756
836077
38108
42200
39757
39752
770486
43913
38105
836161
38107
42175
42172
42176
42174
956587
956502
956527
956575
956613
956658
956606
956603
956583