871909
776877
42818
42638
43060
42409
43088
42636
43014
42488
759457
42757
43017
759328
42595
759404
43076
42591
42919
871722
871722
759383
43107
769525
769497
759454
43110
776957
769474
42498
42381
43091
769517
43564
760039
872117
42371
759388
42535
42588
760039
872117
42371
759388
42535
42588
42504
42857
42556
776483
759634
773822
776845
42968
43004
759405
43730
43779
42386
769516
42556
776483
759634
773822
776845
42968
43004
759405
43730
43779
42386
769516
42670
776838
769477
42555
759445
776826
773696
871747
769516
42670
776838
769477
42555
759445
776826
773696
42712
42438
776896
773721
759745
761987
42484
775719
43142
769416
42477
43117
42477
43117
871949
776796
42995
42779
43055
871877
43090
43043
759572
42772
42483
43008
42820
759740
42783
42731
42400
42564
42400
42564
42501
872179
769495
759460
775738
759849
43061
42398
42593
43201
760136
759516
777152
759518
871901
43058
42981
43092
43058
42981
43092
42970
871938
776161
761050
759509
759461
773767
42742
776044
763507
43018
42532
776440
43757
42832
43841
776958
43841
776958
872186
872006
872050
872088
42780
42380
759326
42583
776671
42359
42645
759325
42720
759480
43416
773868
42540
42590
43416
773868
42540
42590
43504
42469
43031
43140
43000
776964
776846
776763
759739
42389
769540
43143
776831
42726
759476
759389
42726
759476
759389
43089
42686
43195
43021
777041
43470
871935
769599
759684
769577
42594
42677
776895
43023
42998
43009
42536
43009
42536
43049
773816
776840
43114
42942
759522
776850
43172
776930
759385
42633
42464
42530
42569
42923
42436
776296
42391
42569
42923
42436
776296
42391
769580
42634
42373
42642
759511
759442
776581
871723
759822
42439
42412
43522
759735
776835
759428
43522
759735
776835
759428
42425
871810
871861
776827
776474
42746
759528
42486
777039
42718
759676
769518
776872
42353
871896
759736
759736
769498
42520
42349
776848
773796
769524
760139
42443
759901
871976
776890
42767
776803
42990
42552
769602
42864
42576
769606
43777
42961
42682
871721
776979
42829
42613
759402
42654
776875
43139
759570
43108
43112
42969
42917
759525
43079
776822
42420
43108
43112
42969
42917
759525
43079
776822
42420
769502
759780
871880
43543
42547
759573
43135
42561
42432
871836
776531
759530
759530
42702
42546
42839
33812
759324
43038
42760
42628
769499
759624
776787
759564
43067
42629
776766
776120
776948
42753
776805
776948
42753
776805
42553
759505
776819
776983
42979
42862
777036
42419
43291
42704
773823
42977
42625
769527
773800
759403
759515
759515
42975
776901
43400
43188
42745
759737
759761
42399
776698
871889
43053
42736
42584
776583
769603
42531
871934
43119
42766
42766
42403
42406
776813
773738
43411
759399
769440
43389
759502
42415
43052
42543
43225
42708
42573
776652
759456
872054
773798
872054
773798
773740
776881
776798
769563
871956
43080
42545
43129
762747
42999
871962
43099
769656
759585
42710
42749
756405
43728
43728
43265
42375
871765
769542
871927
759526
777085
776945
773837
773824
773772
769532
769530
42755
42913
759410
42748
42732
759462
759462
769581
42845
872059
776968
43789
43701
43544
42717
42994
42358
759804
42548
759677
776669
769534
777086
769605
871930
776829
776829
43033
871978
759586
776175
776823
42582
777124
43102
773815
759401
42482
769612
759398
43183
769556
759581
871997
769531
759631
759631
43229
759766
759625
42516
759575
776916
773846
43397
871888
43790
759882
776943
42814
42550
759569
43530
769545
42428
42523
42523
759844
43714
776706
776909
43074
773847
42566
776902
759582
43499
43013
759400
776987
776692
43403
776934
759452
773842
872033
43162
42856
42668
43072
42964
769832
773829
871895
776757
43812
42722
42987
42972
776082
871838
871870
769523
776780
43056
43859
43859
761904
775988
43100
776893
759622
773645
43224
776849
759706
759568
42796
43528
43716
871942
43512
776717
759639
769825
759903
42699
42952
759848
777321
42824
759743
759524
871916
42921
776923
762634
776843
42632
42703
42617
42587
42544
43123
43136
42754
42754
42392
769522
43045
755655
43011
776716
42579
776839
42711
43203
761978
42567
43607
769513
759464
43756
43085
777265
43128
776847
42527
871919
43299
42915
777277
42385
759672
759670
42431
43002
872029
778863
778314
776965
776914
769922
769620
762294
44240
769620
762294
44240
43973
43500
871961
43050
760248
872000
776801
769631
43186
43026
43435
776905
42405
42395
43421
42572
759881
759881
42538
776793
43873
769504
769438
43402
769503
42524
773830
769535
776937
871951
776563
872077
776748
42953
43122
43111
43986
43986
776770
42683
43015
760216
762663
43300
759884
769874
42685
776863
871954
42664
759512
42655
777192
776932
776911
42966
872010
871954
42664
759512
42655
777192
776932
776911
42966
872010
44053
43703
759463
776880
43801
43093
871905
42675
769956
42511
42674
777087
872093
759587
43039
871857
42560
43202
43181
872018
759386
42827
871917
42802
872066
759441
42959
42485
777266
769919
42911
769544
43761
43187
42472
44002
872108
777257
770104
776832
43743
44998
42997
871963
770032
43461
871856
759503
776867
43538
776974
43538
776974
871970
42950
760335
872184
769541
42761
776640
762886
42589
871897
43959
43220
759637
42440
769529
43513
42986
42691
42691
776956
871874
872013
42962
43036
773881
759759
43028
42773
769543
43392
43302
43327
776962
759883
43182
777167
776755
777148
776833
761248
773802
759683
43774
756089
43048
42853
42554
42621
759842
43213
773883
760272
776861
777271
42787
872057
42352
43549
43549
42983
43960
43573
759764
759744
871943
42616
42850
42407
43101
43501
776919
759630
43514
42788
776802
42974
42955
776949
42974
42955
776949
43280
761866
759741
43731
759450
759681
767489
759517
769557
776915
760038
42810
759755
776860
762738
759580
43170
42698
769552
769564
43806
43041
871947
42462
776903
769560
42382
871903
42355
769501
42537
42434
43166
776961
759902
760255
42495
776684
42789
773876
43811
43171
871875
769837
872133
42426
872035
776969
42522
44004
769949
44521
777038
769831
759635
759523
42730
42730
43418
43120
42954
871868
872047
775992
43423
776878
42510
43082
777055
761710
42982
759421
42577
760037
759578
42372
42441
42372
42441
759880
42433
773785
43775
43040
43094
872094
776851
43062
871847
759762
42800
43046
777403
42541
773831
42996
773833
759765
42619
759632
42688
777042
43542
872056
42637
759682
759506
42867
777533
871979
773671
755737
45026
777040
43075
759574
761403
776884
776925
871966
42984
43740
776894
769526
43184
759628
777247
43425
42765
778870
761048
43214
776400
773733
871717
761051
42701
872463
759742
42750
776889
43030
42417
43106
42478
871959
872008
759510
759501
42902
773853
42350
872118
42696
43178
44066
872021
872021
871914
776953
776938
773838
43292
42762
871396
43736
777131
42421
773843
43197
759393
42852
759455
759551
43131
42410
773814
773814
871940
42871
43012
774457
773865
776810
42988
872005
759513
773728
872022
776713
759738
43103
42651
777064
42565
43003
42835
42835
42739
43130
43818
43096
871995
871834
871899
776864
42461
42423
43221
776662
773884
42899
776853
775729
871998
776672
43404
43404
42574
42776
756445
871922
761527
777052
872144
777187
769512
776836
43134
43436
43073
777134
42828
43674
871993
776865
776785
759323
758279
872083
761818
872101
760273
42528
43006
42914
42416
769582
759446
43850
759529
42585
42635
42394
759638
871925
43165
871925
43165
43750
872103
769592
871898
43763
776752
776886
759579
42958
42387
43719
42965
776939
43144
871977
43020
43887
42705
43887
42705
759712
872134
42659
43821
43118
871920
871832
761939
43064
777037
759583
42836
759493
776897
42378
759760
42435
42383
42383
43754
45670
776658
760343
43961
42618
759519
773845
42811
42514
777189
43819
43758
43054
42973
43770
43084
778321
42357
769441
769579
42519
43732
43133
777102
776821
43163
776812
871983
759406
43465
42562
42517
42476
778813
43705
776955
43398
43415
43415
776882
43809
773806
759514
42586
759678
871948
776834
42360
871996
43805
777106
776869
43071
871871
777324
759527
42774
43823
43823
43065
42490
769558
776879
43401
769607
42837
42859
43230
43742
871994
43383
776779
42624
776976
42666
42558
759584
42539
776844
42815
759520
42709
777181
42368
872075
871702
43324
42580
759577
773849
42578
42912
42672
777058
872012
43145
43497
759828
776667
776978
777535
777051
773874
872518
42872
757234
43205
759713
872096
776786
42721
42575
769604
43824
769554
43578
42797
777061
43059
759714
769496
42492
776898
760328
42509
42805
761049
777153
43892
871944
759563
776927
777147
776756
43066
42390
42822
777109
777109
43208
43189
762269
43141
759826
872042
774326
773887
773854
773804
761979
773897
761968
761478
42795
760915
42897
773827
42676
43480
776775
43169
769553
773841
42807
42895
42513
759629
42947
759626
43193
42724
760299
43210
776933
759730
42785
42855
43439
43439
42842
759807
42858
42404
773850
43464
777331
776141
762239
872140
773862
42444
776842
43766
872032
43176
43781
776628
776926
42980
871968
43733
871882
42758
42534
776814
776792
773844
777159
776824
43010
778469
42397
759640
43729
43560
871988
759453
776942
769637
777048
776595
777146
42667
759679
760214
773857
759327
872070
43720
43412
769515
43406
43167
43318
43552
42620
872092
777160
872092
777160
42652
42799
872068
762826
776885
43793
777166
42570
759467
43746
776795
42935
42493
759566
42414
776951
769639
44059
43893
776910
42497
759567
42806
759705
872174
777686
872172
43068
871991
43098
42719
45548
776986
43694
872051
759521
42475
42647
42940
762672
43279
759808
42393
773840
776904
769578
871932
761860
777062
43351
42735
43270
43032
761046
42622
43866
42716
42592
776917
43419
43357
43396
759715
42466
43768
43785
42693
43567
759806
45027
42643
43503
778892
43027
42615
43019
769659
43839
769659
43839
761709
871760
759854
43457
872084
872082
42695
43138
42660
43429
777260
42662
776941
43780
43219
42993
42411
773864
776908
760224
42775
43097
777091
872046
42507
43305
776973
42627
43409
42948
43782
42801
777169
42370
43620
43968
776906
44050
44050
759847
762757
777390
43332
43070
44228
43267
43847
43791
42549
43121
43566
42728
43126
760344
43005
760294
777121
43708
42474
43288
769921
43022
42657
43222
42764
43592
42687
777253
777133
42781
43331
42656
43842
872074
872028
45601
43726
777154
43572
759438
44014
43489
43956
43218
42816
42640
43393
43271
43116
871992
773781
759443
871876
777004
42933
776816
43333
759444
43105
776830
42713
760034
776735
769601
770810
43786
777099
43537
776523
769439
43783
763751
773792
44229
42849
43077
872009
872472
43498
43525
42943
42759
771032
43840
756296
42384
43718
43290
777126
43266
777193
762744
43194
776789
43127
759448
42665
42830
43747
777590
872105
42894
43748
43877
43744
42571
871987
778849
43437
42851
42707
43057
42557
42908
760276
43179
42369
42631
43109
769621
43745
42812
43665
773791
43565
777196
773872
42673
768128
43787
759805
42846
777057
42646
43815
43294
755657
43269
777243
759459
773821
759623
43325
776975
773817
43366
773702
773855
42910
872161
42992
43958
43713
42680
42648
42866
42991
872166
872126
777255
43575
42928
43025
43295
776841
43772
773889
42873
769925
759449
42723
42505
43643
42429
43307
43644
43087
762240
42946
759390
769559
43016
42743
43618
760914
871921
43816
43784
42714
43724
43407
776332
872098
43796
43491
777190
43704
43443
759711
762316
773869
760298
43621
43277
42596
43595
43281
43667
43192
42793
42362
43721
43434
776920
43845
42792
872076
42727
759508
759818
759843
872052
42841
759391
43078
777246
42949
43985
776800
43962
43394
759565
43648
777053
42794
42778
769993
776856
760247
777177
763512
42971
773858
43198
43438
759778
761942
42927
43894
43365
43891
43826
42684
762308
774350
42900
42437
778569
43217
777063
872142
42843
759821
769528
761944
43706
776966
43966
769924
44647
42568
759757
872043
42989
43533
777044
43441
43516
43516
43283
42938
43727
45654
43137
761215
759675
761047
776963
42808
43541
759802
42909
761516
769555
42901
776862
769980
43710
43702
759709
759015
43804
43185
872173
762739
872085
42630
42626
42445
43810
769647
43420
42918
42669
773832
759803
777132
871971
43405
774145
777391
776985
759710
776922
42706
43617
872141
43608
872060
872055
773825
43314
43829
761405
759734
761546
43540
43001
43540
43001
769942
43680
43580
42944
769859
777245
760295
776977
757762
43312
43579
43330
872187
43296
42689
45014
42694
42833
43827
43712
759394
42804
777123
43431
42786
759910
42363
43798
871910
45454
770129
42907
871989
42868
760137
43449
43609
42671
777186
43492
768004
42763
43695
778850
43867
42747
43422
43843
43957
761251
777125
777239
43510
43223
42733
42467
45458
43800
777168
43844
761564
42904
777072
43684
43363
872039
42854
43174
42663
43631
777248
872171
872471
759396
769539
43792
777128
872160
769636
42422
769977
762483
43272
43984
42819
871967
43820
872072
777562
777065
770929
645513
762750
872069
777127
777395
42653
872136
759387
43433
871829
44001
773863
43807
43587
759819
43168
871975
777372
776593
760293
872469
42777
42470
43455
42769
876215
761589
871990
871964
872026
42506
43177
42503
760138
759507
43211
43323
773839
872038
873110
42376
770100
761279
761785
43037
43479
43432
777244
767924
42354
42499
776857
755750
45197
42494
777045
872024
42413
759823
42529
43454
42424
43472
776568
43531
43424
777254
43597
43507
43773
759439
43638
43034
776607
777256
762573
43399
42936
774033
43612
42956
872023
773877
43605
872135
43329
43341
773848
759395
42518
776859
42351
43044
45124
882379
42916
872576
756236
42427
43828
42356
42526
43427
756420
43524
43769
44012
44012
776771
761479
42487
777400
42967
872178
760300
43274
756414
759827
759845
43298
43830
42863
872063
755926
777236
872034
42985
776954
42559
43024
43601
43474
43615
872089
44055
777278
43569
763005
43879
760254
45498
43971
755670
43180
872466
42463
43526
760246
507436
43778
43539
43547
43788
759671
43284
43760
43430
762285
776959
872097
43771
43520
43191
872185
43417
762300
42825
43456
43428
769910
759451
760215
42715
777139
759673
871900
43196
42471
43206
43619
763998
42678
43554
42479
43582
773770
43814
777170
43199
759758
42951
693253
42408
761993
42542
767491
43794
43627
778392
43509
770046
769829
759800
43832
777541
769884
43836
43326
43442
43738
43508
872148
42480
769979
42929
42644
774651
43550
42838
872049
767490
872079
42481
42939
760327
872019
43348
42937
43987
777740
871936
43519
43838
43414
777389
44056
761994
43616
872182
773879
42525
768147
759824
43632
43629
43322
759680
43462
42934
872090
763996
43606
43645
43316
43315
872081
756409
872125
43653
44673
43381
43553
760296
872037
768904
42896
43975
43868
769875
43846
43660
777322
777158
43709
777129
43749
42681
43386
42661
762952
42834
42906
43471
42860
42502
43463
871946
42771
43658
43764
43466
777564
44773
44245
43452
777156
43834
762507
762733
43334
43319
762868
756063
42847
769824
43227
43767
43871
43042
872007
872100
871929
42489
43546
43637
43707
43825
43286
43338
760193
761561
43765
773871
44542
43559
43483
762748
43164
43797
777325
776960
872102
759779
43353
43476
43895
43741
43293
44248
43515
761254
769833
761843
42790
43548
777089
762247
755736
43458
43215
43426
760140
42817
770600
43875
872061
872058
761708
773878
43200
778564
777561
43969
43306
43534
872073
43336
42521
43273
43635
774327
761278
777175
763495
42639
776855
43837
45456
43379
43484
43390
872027
44520
777399
43347
767514
43132
43737
777054
43494
42945
43377
42844
45598
778936
43571
43518
44007
43622
43344
773899
43897
763877
872099
769830
776858
777088
43529
773463
777594
777047
43649
42865
44541
43668
769645
43636
761969
43459
43977
770512
762474
42784
873071
43584
872188
872143
776950
43563
771074
777191
43662
42473
43799
42430
43287
43555
42729
43521
872078
43590
776854
43113
777267
777270
759846
872163
43831
759801
777550
43468
759571
44010
760274
761320
762863
773873
43445
872838
760106
42861
42924
761844
777586
43602
43870
872837
757197
872080
773852
777581
43889
42893
43502
776907
43216
43802
43651
43536
872031
777163
777386
763554
42905
769843
872121
43795
43646
759674
759731
43308
43854
777046
43600
43467
777545
778427
777049
45474
769866
44003
43604
43669
43610
43304
773875
777569
43469
45224
757285
760275
42892
43310
42515
42941
872836
872030
871999
761747
43715
770448
43835
43289
42925
43717
777179
43490
759397
755721
43506
769478
777043
760035
777371
43285
779435
777149
880762
42803
872011
871980
42960
43447
872087
778439
45573
43876
42496
761707
44256
43722
43964
774034
43762
760345
42465
776913
43577
42809
770840
43599
43753
43751
760297
777050
777150
767569
769595
43207
771461
44713
43723
761786
759392
873111
43190
773828
778354
762241
43278
770494
44008
777060
777197
761997
777059
777575
43410
778373
43475
43505
774325
777272
42869
507503
773856
871933
44241
761938
43885
773888
43583
43593
43388
43735
44011
45132
871981
759708
43864
769622
42744
43808
773867
872835
43276
43664
780522
778666
45460
777199
761121
43485
759447
43352
778954
777370
872116
43282
777555
759900
43647
777056
769638
43374
760346
767509
43711
43851
42821
43822
780550
42813
872533
769981
43335
43972
779155
776935
43309
43413
757569
773896
759850
770829
773859
43862
43833
761404
43628
43355
43725
43755
42930
42831
43558
45191
43297
884110
761250
872175
43872
872181
43532
43817
777157
755618
771443
43301
755698
44994
774387
755967
872122
773880
778111
43328
761991
770481
43588
778377
43317
770038
42840
43659
43495
43813
43370
875254
777155
872139
43349
44522
872025
777385
42614
769920
45572
761406
43561
43382
43359
43378
762264
43974
43275
43313
848275
872137
43173
756730
755934
45455
883616
42649
43448
777009
768139
762827
774144
42442
43535
776928
757432
777404
43576
761817
761943
43982
781914
875361
44549
43869
44009
43450
42826
43614
756055
43672
43685
777320
43488
43337
756193
42361
43384
759732
778899
777165
43855
43444
43589
45015
44944
45417
43446
776784
851970
770039
777240
43625
43650
42920
777748
773826
43231
45443
43493
43204
776769
762811
873072
43342
43640
43369
45415
888022
759707
42658
872124
755739
43861
763494
873616
43670
45649
761937
43523
43354
778663
43663
43343
756412
45125
43890
767511
761992
776781
43364
871939
773894
45505
777130
768936
43699
763697
43371
763878
755863
45225
43882
43860
44049
771076
43372
43570
43340
761249
45599
876267
43896
777794
43387
44543
43633
44070
759621
43527
44706
43477
873073
44243
782076
777238
875359
876836
872086
773885
44997
44052
43967
43898
42751
776984
770811
872577
43881
770631
756450
762452
42756
755862
757544
43586
42791
43682
43321
43321
777377
777151
43596
769883
43858
43888
891269
43661
42903
43473
873610
757612
777563
871965
43979
769978
43562
769948
755870
43624
43886
43228
43863
43460
43591
43124
44227
44244
43311
872162
872575
45438
777259
777280
767513
43623
43965
45418
43776
43345
43884
761545
42418
861737
757706
43391
43642
848727
757147
43880
757744
43878
756746
44239
45414
43857
43268
755936
43698
43517
755857
43883
761936
44000
768900
757595
761952
44537
755720
755861
43453
761806
760036
756356
768127
43598
771683
781002
776668
45133
43989
43380
762815
758253
777183
756413
757619
756380
43545
768148
43865
43980
767984
43671
768776
774349
43848
42823
44058
778520
43361
777098
43356
757211
872138
781739
44071
42976
45183
43478
758061
757603
43849
773519
757196
758867
761417
757601
869088
773513
956645
956677
956703
956696
956546
956693
956745
956746
956691
956653
956475
956632
956622
956678
956651