886642
34672
886668
781666
45262
34957
34145
857609
33909
779196
886650
33868
33861
769191
35240
769141
871440
35296
35249
871745
887017
36367
36365
36364
775915
871626
35229
835620
857534
33971
35239
33869
45246
33960
33946
759251
34853
779194
45445
45342
34064
35166
33886
763277
871107
34657
763243
34641
900590
900601
857556
763469
36366
857554
36448
38692
35345
35192
900610
871758
900529
900528
35327
34958
34073
36361
38787
38265
35187
33961
39513
835896
38177
900531
35230
37982
886676
36559
857578
34092
35276
36442
34123
33936
886994
759261
33923
871327
762156
34099
769229
39448
781656
762216
36540
759262
774713
35209
775619
773757
36571
35247
921450
835736
769247
45399
886628
759200
929034
36560
34882
34102
835337
871478
39494
921874
34971
921463
921424
45381
38523
33878
769184
35203
36457
871269
769169
38853
36395
35288
773720
39470
38323
34949
36504
34960
927369
774997
39505
887057
33945
36554
35258
34063
763362
871130
34929
774810
769279
835668
38816
38260
34909
871468
775557
37969
762121
781647
781665
35201
900614
35253
38261
34691
762113
34697
762165
779297
39518
38539
36486
779249
36408
773726
36487
36574
871615
835396
33974
779239
835393
37650
34967
877055
34880
769248
35355
781552
39568
876960
835595
781695
835780
34656
887038
779280
759295
779322
773774
762122
762252
835398
37983
779213
35322
921876
38666
34878
38835
921543
921574
887021
877050
45384
887059
45303
761450
35228
36552
39564
36478
35167
34939
37671
900573
900502
835425
779319
38618
36556
34677
759294
36541
34874
34873
775807
45304
900597
779329
38675
773678
835608
769175
38644
38276
39566
34036
759411
900618
781698
38802
927342
36358
900613
835807
773670
835682
38157
921589
762194
37521
775146
759190
34044
34696
900651
835852
34961
835345
776073
779299
36529
39451
34701
34002
886988
39563
34662
34689
927324
38632
34659
876963
775872
34639
33972
775082
35264
835855
34643
763281
779247
769225
39471
886998
779314
38883
835391
779230
36579
835618
34048
37533
779219
36477
857632
835663
887074
45392
871098
835559
877025
34859
37995
762193
927351
36463
39501
877031
835830
781612
39538
769244
871549
761449
45245
921604
877203
835835
34667
761519
857690
35331
759430
34129
927391
33865
871517
871157
33896
38633
36575
773644
759248
921563
36370
761397
775204
39475
37968
34059
871251
769234
763295
774777
34877
773667
857522
38646
38679
38664
886663
763488
34851
38906
39571
34669
38663
34108
857540
35246
763384
34913
871238
34653
927323
38263
775242
34903
34655
38691
871655
776068
43994
835751
769210
45261
877213
871694
871335
779326
35179
39535
34858
775674
34003
34663
36557
887070
35261
39476
871636
871685
759252
835547
921551
38175
835788
38011
871246
35333
35184
36372
876922
38873
34685
38534
34635
36380
900650
38678
36508
35277
36466
35251
762108
36382
38660
835614
835359
781578
36568
38781
36467
887032
38302
33931
779292
36555
775276
779305
36530
837375
781621
38682
38652
762217
759255
781633
33859
35205
38823
759300
857613
36373
35227
39562
39481
34647
34140
779307
34642
775357
38645
36360
33940
39569
36383
775271
35309
34876
35223
775142
773660
769575
38657
769177
38808
769243
34052
39479
34910
36583
759279
779258
779260
774699
779354
769574
38227
34686
39445
779278
769257
871370
763319
34001
38501
34823
33980
871062
37740
36513
34955
34115
38521
35231
34646
921562
35169
759296
34942
887047
921548
34666
779199
871424
34954
37733
769273
36514
38529
39460
34094
37532
38239
38012
775832
761539
921600
38874
927372
38661
34860
835770
38321
773648
761474
38163
759282
871318
835769
35294
871831
38532
38528
34055
37735
761441
34652
762231
835870
38656
35180
38811
39549
774789
36418
34056
900541
38653
761384
36548
857716
835765
39455
775168
38256
876968
36549
775364
36493
781702
35341
34661
871235
774796
763350
38506
877199
871376
34640
775175
38010
35346
773691
33910
38300
876967
835829
34950
876981
761533
38271
38791
34905
877068
36572
33962
929054
38865
33876
781703
38648
37541
759363
871146
34975
871704
761378
38863
871333
38834
38295
38211
37516
835881
773723
38894
779331
759234
38647
871449
775391
38219
33978
34091
39536
34101
773764
38288
36371
886636
45249
39526
887058
835606
38222
34054
779404
761361
759498
34071
33973
37736
921878
38782
38155
35252
36534
36390
759367
38166
33957
38206
33968
38898
871106
775360
773788
871772
37730
857711
38790
876983
38524
35182
34965
835737
781615
38159
900630
45447
45305
34863
33921
35197
38810
775601
773704
36521
921432
35292
38162
35352
877154
835909
38158
835439
773652
36420
35213
33884
857658
835592
34840
921542
38813
39490
775906
38662
763423
835645
35302
37542
38176
877216
769188
38264
876899
33881
33893
34684
33922
38316
781708
33994
836050
762152
38255
871312
38516
900619
38232
35218
36499
876954
45501
769469
900587
877015
921456
921594
886992
35185
38290
38619
872044
38174
34028
759293
921545
774978
38172
929055
33977
857622
35280
857673
38676
871734
44242
927384
776459
34027
34908
38840
38654
38614
34082
34026
38240
877037
33952
38202
871769
35235
35338
38230
900663
922125
36547
38631
38522
835816
38192
39522
33932
36503
37534
38829
759259
34024
921576
769475
779227
876936
776479
761500
36369
836236
33908
36532
38281
921460
33982
762195
38294
34022
37980
39495
38275
871330
38640
34042
38266
922127
779287
39465
33955
35356
33934
34901
871677
857696
38798
39499
33981
35325
45263
835982
835831
38224
886983
34931
34879
929045
763318
835560
34124
36403
773734
37543
38540
38643
900646
38228
35173
763397
761351
762124
38258
35315
857700
871156
779295
871392
921875
39565
38538
775230
774893
37999
34075
38628
769573
871830
38896
763383
759277
779325
38161
887062
835424
35207
36458
779412
779332
781683
34834
762248
39483
38792
36356
38533
769584
769280
857704
835943
38016
876930
37742
835706
871601
39517
35285
39449
34702
776029
835422
876918
900623
38876
775722
43920
36399
763390
39486
36497
36551
871762
39444
34821
38278
775899
34922
36460
33897
37608
39528
927395
871200
871161
33956
921593
774977
33858
35200
772915
871688
43917
36578
38794
39446
759236
835421
774817
929070
835730
887064
929091
835932
877052
34985
835667
773643
33986
38280
775270
34035
877418
38783
761442
877204
38881
835388
775853
39492
900625
39519
36485
34676
34069
871164
775447
38542
759249
887078
871207
38241
900653
887072
38659
39491
34928
769127
38181
38890
38152
38828
921557
776707
38884
871878
37520
835664
34872
34133
36500
763489
34934
39462
35316
775541
38207
39543
779228
35306
39466
769258
33862
776912
759204
36501
34918
759235
36421
38503
33996
38629
38259
871749
35256
871172
34080
35194
774994
43931
38249
38818
37651
35170
37972
835699
36490
36505
876961
38231
929037
835454
769591
34146
871095
769415
871673
36527
38862
871853
38788
759278
36432
34138
37657
37648
34835
34810
35337
38858
38251
929053
38518
929108
39560
774944
775905
38293
835707
38807
35161
36388
38308
36502
43933
37979
769282
39533
38154
762196
774876
37652
876937
775038
36576
38171
37711
759281
763471
763441
835412
774776
877221
871599
781716
835884
43922
38544
38305
36494
775558
38504
34953
34964
35164
33900
900628
871610
857706
38817
36581
36400
36387
34053
35178
35268
759560
38903
34670
38606
33914
877004
38173
43914
835822
38861
835934
34098
35196
769483
38786
871790
776454
33919
37668
38905
38286
34660
35260
38815
38182
769220
34076
38630
835901
776179
34650
38537
34031
37641
33863
877178
38238
33951
871108
871077
36362
769472
871176
38877
36506
775823
835885
871289
774703
33867
35323
38253
835630
900649
871408
39567
39485
871569
762153
38250
835632
835428
39542
36509
38892
34914
835690
887090
37670
779374
38296
38821
34693
38609
33998
36469
34025
775531
38245
34023
871748
39480
35215
34086
36543
922116
835826
45434
44060
38216
779353
38510
776538
33894
762203
772917
37663
38500
877228
38800
775098
871674
38864
38543
761496
835445
772919
37544
776417
36510
775730
33987
33958
38314
929113
35310
33933
39516
38319
871782
773713
835759
37658
38269
33959
34861
35211
835861
37519
776737
38624
33875
38805
38687
769281
36455
38297
38809
871974
38279
921613
37638
33917
38196
36482
776764
38893
35300
34951
34009
34057
34935
776874
779429
36441
38665
35319
35222
35273
835691
36386
38822
35272
45390
762249
36533
871812
38686
36528
775717
39488
37515
43932
43993
39456
38214
34104
38013
773742
38615
877076
877380
38612
876951
877194
877135
38642
38827
779334
38170
921605
776386
39559
39506
34007
38888
900652
871638
775898
34000
35301
871123
37998
36429
871497
34923
33949
45467
835648
900661
38267
835970
871224
877209
38198
775491
38223
35279
877088
36415
39464
34804
900662
34952
36468
776670
38312
38904
38650
38826
36357
35350
871816
34892
835724
38655
38546
38527
38515
38248
36496
36491
34982
34867
34629
38871
35305
35193
39453
38268
37654
38218
38210
38496
38545
38197
877259
39556
927393
38199
871571
38226
763356
871785
38841
39544
38889
38189
927387
36569
39507
761439
38309
871191
871447
38497
422384
33983
759366
38205
37609
38217
36546
37738
38696
34984
35274
38830
39525
38285
34692
38508
835598
871470
38623
35335
38651
774700
38287
39489
929044
34850
775245
38680
39521
871960
38843
36545
775783
759433
759230
35266
38301
769261
38859
762670
45466
35219
761706
761504
38683
38669
36436
34654
34005
775967
774937
34891
39458
39457
38875
38866
38509
35291
35334
35330
34668
36470
33995
759233
36587
33864
775901
871696
38229
776058
761514
773730
37718
835567
35293
34631
39557
38847
34894
775964
38887
34622
871273
776411
763505
43921
34106
44717
35314
929085
34963
37991
871590
835678
775983
38153
34813
35177
877222
929065
775768
38839
877427
857703
38837
34632
38838
37978
36396
37741
33984
34020
38184
38243
38820
929094
877230
38505
43923
877090
763504
772921
35348
773776
34004
776030
35234
773759
36414
38784
35329
34135
773811
35225
39468
37656
38848
38307
39511
33964
871535
38282
38310
877072
33985
36434
37994
38901
38188
38833
36481
761473
35275
38262
34832
37665
39512
34093
37604
34620
759280
871788
38857
45446
35349
38897
776162
39558
929074
37517
871786
769576
39529
774819
775889
871953
775950
37984
835758
38246
33871
34936
774951
37666
34103
835531
38254
835423
38213
759369
775442
775077
921582
38499
877416
779417
38525
776828
871190
776078
35267
36492
774957
871911
33948
763351
775878
38270
877229
929206
37522
871803
877113
34907
34869
34857
34664
38541
36544
45546
835755
38236
38283
871337
775324
759562
36586
36401
38634
761640
779308
35189
762110
877101
34974
35311
871448
759301
37989
39469
39540
775762
37717
35304
39504
38526
836032
38878
38831
763487
39487
871416
775004
34966
779400
38233
35163
33939
37731
871682
33943
38165
37981
775952
38017
857713
871703
39478
761536
34962
776567
761395
33954
877074
779330
33898
38303
37667
775893
871570
871699
877092
37528
761535
871822
37675
45393
37649
877163
35236
761540
877231
775470
877254
35324
876979
38697
38235
759370
36435
34116
38193
38512
34021
39515
34683
835746
761503
34117
38796
34956
36515
775582
775805
835837
35265
929087
773777
38793
36564
877190
38851
34037
774856
34011
876929
38797
871894
38209
34806
33902
33938
775408
871466
39447
871347
38806
38289
39461
835820
33901
769263
34008
776694
876989
34680
871089
835725
769424
761475
37642
38313
37719
35217
877255
34870
775523
33895
38882
36397
877116
877107
34678
34825
38824
38272
35307
759372
39497
34100
38244
37732
35259
38613
37993
38673
38885
759284
38495
38870
38819
776067
776888
35241
877065
927392
877114
37714
35224
37600
871491
36570
39459
44362
835726
39553
872040
38832
775620
33927
763417
39520
36507
877086
38803
763485
34926
36384
44360
871985
34948
37996
35181
37653
761557
37723
38520
37729
38895
34937
38689
37976
33950
877019
775314
38780
36511
33920
35232
38789
39473
34973
34822
38693
775272
929123
871476
775968
36512
34621
763486
38507
775365
38242
35168
34127
38169
38204
39503
35303
775253
872120
835903
34649
34081
38849
871827
35298
779383
871648
33928
38616
776501
835974
36474
35270
35289
769585
34107
45526
36475
33918
34068
39552
38005
36381
775665
35233
38315
34111
929060
775999
872127
34819
775486
871867
45117
761588
36561
34871
39534
38252
34633
34142
34925
37673
36498
929137
38003
37724
37992
39554
38611
38326
36566
36427
835987
38185
769630
38785
39541
37531
835875
34120
37987
871373
38200
871676
38900
835967
38684
36385
34933
775854
38000
38672
36453
39550
38247
36580
34682
34932
835824
38018
761513
877379
37973
921836
37676
34019
835651
33926
38511
34136
35271
39545
35320
36531
759256
33989
38007
775877
38610
36430
34105
761585
38203
835676
773782
34868
38649
37728
34812
781719
37610
774983
37682
37662
758278
835945
761507
38014
776103
37680
36454
35318
34681
45593
38156
773866
36565
36577
871766
34679
38194
33979
34816
835965
775957
38015
761380
775293
37602
39452
37990
877080
34644
34924
872041
773870
37716
38688
835714
37538
34818
38535
37737
871924
37643
37536
37527
775566
36473
39551
775487
35299
877083
38635
774962
38519
36584
773819
39502
37598
877119
38899
38284
36542
773805
836049
33925
776023
34137
37535
38902
39477
38304
35290
35159
38311
38607
39531
38907
38001
38298
37677
761342
34807
38842
871950
33899
36585
37639
44946
39547
877064
34006
38234
929111
38183
35321
871537
35313
36413
37712
761448
34986
929138
877198
872002
776591
38799
36550
34972
37975
34074
38164
37664
38891
761396
38513
35351
835626
37672
37546
38695
38605
38845
835683
38180
38292
38160
836057
33999
835649
38237
38322
761598
878158
34134
39555
835669
39454
877215
34976
776807
836150
37997
36567
38860
37539
37988
38671
36389
776019
37645
38804
775986
35339
35308
773818
36471
37601
775732
37970
836007
38208
36428
36588
38608
33924
35255
878682
36472
37611
36416
37614
37727
37646
34687
38637
761501
759434
37524
37715
35336
877067
38498
38514
33903
37549
34817
871338
37734
37548
36412
37607
38698
36562
33930
775745
34032
38856
34808
835666
871295
761506
37678
37526
877258
38004
36431
34893
929106
38195
37713
37606
38670
39546
871465
871533
34927
776099
39467
39527
34630
37985
835817
38872
38855
929133
835947
37739
761934
776035
775910
37647
37721
34805
761499
775945
37659
37529
34983
38879
35269
761440
38009
34820
44061
38880
38008
37613
871541
835913
37603
38850
37605
34890
775888
37661
772930
38006
37530
39532
37514
37545
36476
775963
34623
35312
38685
37523
871912
37540
757223
38215
872132
37660
871923
37974
37710
776899
37681
36391
37722
871683
45462
776448
871768
756142
757522
36456
37547
774968
871714
34815
37612
929134
34814
835915
38846
37525
872064
779170
776808
37679
37550
756298
37599
37986
756306
37537
886661
34688
877124
779310
781655
773675
36440
36517
34898
34015
773641
36392
39498
36363
929017
900583
773614
900580
900547
769417
876912
34827
36394
36439
34838
769246
763321
762090
921430
877142
773658
36423
921434
876854
33965
769172
45436
34012
773763
34128
927301
769223
759237
38277
38273
761346
34131
33963
857546
773735
38627
781663
781640
773639
773616
769140
37640
34884
877125
763391
34980
37977
34897
762064
38617
34061
781696
39482
38625
36450
34845
34842
900522
900496
779209
763276
34837
781603
45389
900472
781553
36405
34888
34855
34637
781539
763303
45343
886662
35176
781593
900481
763260
34132
877008
36437
929039
34979
34895
34883
33819
877022
34981
34899
34885
34013
34881
762200
761369
34977
34887
34010
877123
762125
35172
36407
877039
36449
35174
886614
34638
762176
762091
34841
34636
34060
34040
34889
857630
857535
36451
36411
36376
877160
36404
34634
921415
36409
921439
921544
900474
886964
877016
762117
34854
34130
900512
877034
763246
34038
900479
34856
921472
921457
921433
779187
900483
761372
36406
779241
763314
34852
900578
781546
763262
900468
886690
877027
36447
781554
900515
876909
781548
761329
45301
45300
929059
927298
900548
781681
45302
36402
34839
34058
900550
781580
781550
779212
34843
34062
876887
929024
877010
762111
877158
877017
36444
876857
877152
927317
927334
877147
877005
876862
34017
927296
762071
36425
36422
34018
36446
34865
877167
877133
876855
34946
34866
34864
34862
36445
34046
876851
36426
34847
34829
34627
877030
762112
762083
762059
36538
36519
36378
34016
877011
876934
876843
34826
877040
36537
36535
36424
34846
34626
876850
36539
36520
36518