894414
847330
911750
847317
895643
876015
895625
895573
876033
911659
847313
878858
911723
911560
911772
911656
911527
894330
911383
847281
847310
911577
876100
911518
876176
895285
895645
847324
772428
914119
911615
914115
894327
894318
895664
911668
847323
895409
895286
911746
878980
878926
911732
847328
847302
895615
895583
895652
847325
914120
911791
772501
911248
895485
911725
895662
895646
894265
895484
911570
779040
879008
772504
772455
879018
895552
895429
911544
847315
895591
895503
894314
895593
895467
895342
911845
911830
911809
876009
894458
896656
847300
847326
911586
894457
878842
847319
879006
895428
911658
847316
895414
771954
894437
911531
911706
911752
896651
911747
894165
911703
847309
911563
911411
895551
895536
895586
878978
894329
911728
911541
911146
878906
911489
894156
847232
847308
772534
895417
895282
895617
911335
895565
895555
895473
876133
847331
895540
895608
911768
847297
879009
895427
911445
894335
911537
876121
895504
847320
894114
876021
895553
894463
895632
772564
895665
878995
896655
895432
878973
878981
911765
911407
896658
772434
911720
895588
895605
772354
914113
911842
895430
911715
911677
911525
894306
876166
895475
772224
895607
772429
772459
879003
876060
895457
911805
876144
911508
772571
895619
895631
876106
895292
895451
895629
876028
895478
895594
895614
878982
911700
911813
895666
768747
911617
895569
895572
911769
911612
878990
878992
914079
876177
896657
911099
895402
876030
895535
895547
876143
876110
772390
911645
772353
895512
772422
879004
772553
911691
911832
847329
895623
911775
895412
772409
895446
878983
895311
879010
911735
895542
895641
895567
768547
911793
895488
895618
911689
772215
911812
895450
879001
895627
911802
847322
876109
895587
911741
772546
772483
772480
911824
772439
911796
878999
911648
895642
772346
772433
879021
772549
772526
911737
876178
895622
878965
878993
895455
911828
911682
895630
911800
895560
878987
911589
895663
879014
878880
772531
895509
895549
895602
895620
876127
895479
911778
772522
895489
911837
879017
911609
911784
772542
895575
772545
911827
911829
772537
911694
911764
911669
911831
878988
895636
772484
911774
878991
911826
895651
895561
911808
772418
911463
772313
911379
772535
768682
895637
895508
911773
772453
911810
911848
911742
911799
911825
772443
911519
911583
772495
772406
911709
895557
772051
895495
911551
895659
772304
895379
895577
895603
911738
895545
876046
911794
768698
911833
911795
911820
895487
895404
772517
772364
911673
911835
911834
911839
876141
772559
772529
772565
895589
772527
895628
895590
911695
772543
772496
772369
772518
879005
772451
911657
911843
911806
895606
772524
772499
895633
911526
911643
911777
895635
895558
911780
911616
772427
772525
911650
911761
772452
772486
768542
895433
772340
772407
772399
895638
911771
878989
772205
772420
772539
772505
911614
772435
772349
768591
772411
879012
911740
772512
895644
911787
911792
911696
879007
772523
772402
772556
911844
772552
879013
772532
911841
768412
772352
772574
772541
911652
768453
772568
772567
772450
772493
911801
772536
768642
772490
772563
911547
911819
772368
772397
772445
772550
768720
768719
768703
772511
911314
768707
768746
768600
768739
772519
768644
772430
772251
772521
772560
772488
772528
768708
772503
768590
768697
768507
772516
768741
760936
772507
768664
768714
772551
772530
772533
768750
768748
768743
772423
772061
772538
768655
768663
772509
772494
768449
772514
768580
772540
928271
928626
928268
928584
928112
928037
928368
928221
928472
928388
928211
928608
928387
928297
928181
928594
928606
928483
928303
928029
928211
928608
928387
928297
928181
928594
928606
928483
928303
928461
928176
928651
928493
928255
928309
928628
928218
928391
928629
928695
928695
928304
928506
928372
928521
928586
928457
928516
928437
928404
928420
928458
928634
928649
928520
928581
928597
928653
928398
928624
928350
928525
928518
928652
928601
928466
928571
928660
928613
928543
928661
928656
928536
928620
928637
928539
928132
928612
928565
928514
928514
928614
928642
928469
928260
928563
928630
928337
928273
928598
928600
928530
928405
928573
928645
928375
928588
928610
928643
928658
928658
928625
928647
928638
928701
928220
928655
928648
928623
928644
928462
928632
928700
928595
928579
928667
928640
928657
928553
928568
928618
928605
928591
928593
928666
928631
928617
928607
928438
928542
928641
928554
928422
928635
928654
928650
928615
928590
928555
928562
928547
928479
928604
928503
895514
