904204
853156
779495
904202
779493
905911
879031
35725
905912
904209
769774
39087
769773
867533
873651
35707
39108
853088
39082
867532
39094
779517
35713
904203
867528
867523
779486
904200
904205
779518
904208
39086
879002
39104
921383
904214
873650
853177
904213
779494
904201
35732
39101
35716
39091
904212
39111
779484
39116
35719
39098
853090
35726
39084
35720
777410
39105
35734
35708
779488
35728
779485
39113
35730
779492
867529
35735
921384
777411
867524
35710
39117
779491
35714
35718
35717
867531
867530
35712
867534
779490
39110
39103
39109
35709
35721
35724
39083
779489
39106
39102
39099
39093
35722
39090
780681
35715
39097
780680
779487
867527
35727
35733
35711
39115
867525
39089
39114
39100
39092
39095
39085
39096
867526
39088
39107
39112